1 0.43125 0.54140625 0.015625 0.03359375
1 0.415625 0.55234375 0.01875 0.028125
1 0.3921875 0.56328125 0.02734375 0.02890625
1 0.4421875 0.53125 0.01171875 0.01953125
1 0.45234375 0.5328125 0.01015625 0.01640625
1 0.32421875 0.57578125 0.04453125 0.08359375
1 0.2640625 0.58515625 0.09453125 0.10703125
1 0.1921875 0.6125 0.09609375 0.11953125
1 0.4984375 0.5015625 0.00625 0.01953125
1 0.48359375 0.53203125 0.0140625 0.0125
1 0.51796875 0.54375 0.009375 0.01953125
1 0.540625 0.54609375 0.01875 0.03046875
1 0.55703125 0.55390625 0.02890625 0.034375
1 0.503125 0.5578125 0.025 0.04453125
1 0.3609375 0.57578125 0.02109375 0.03046875
1 0.46953125 0.57734375 0.06640625 0.09296875
1 0.896875 0.6203125 0.10703125 0.19296875
0 0.56953125 0.56875 0.0171875 0.071875
1 0.08125 0.64765625 0.16015625 0.16953125
1 0.7859375 0.67890625 0.32265625 0.3140625