1 0.4953125 0.515625 0.07265625 0.1265625
1 0.59453125 0.5203125 0.05234375 0.075
1 0.753125 0.546875 0.10078125 0.09296875
1 0.690625 0.534375 0.06015625 0.075
1 0.653125 0.5265625 0.0265625 0.065625
1 0.63125 0.521875 0.02265625 0.053125
1 0.53125 0.51640625 0.01796875 0.0609375
1 0.54921875 0.50390625 0.0328125 0.04609375
1 0.47109375 0.47109375 0.0140625 0.01640625
1 0.4609375 0.4671875 0.0125 0.01796875
1 0.4546875 0.4640625 0.009375 0.015625
1 0.3203125 0.4859375 0.06171875 0.03203125
1 0.4328125 0.471875 0.0078125 0.01953125
1 0.41875 0.47890625 0.01484375 0.025
1 0.396875 0.48515625 0.02421875 0.03046875
1 0.44609375 0.459375 0.0078125 0.015625