1 0.159375 0.4125 0.07421875 0.096875
1 0.27421875 0.3953125 0.04609375 0.04453125
1 0.3109375 0.3984375 0.03203125 0.0375
1 0.33828125 0.403125 0.0234375 0.03359375
1 0.38046875 0.4 0.05390625 0.0484375
1 0.440625 0.4 0.03828125 0.04453125
1 0.5015625 0.39765625 0.0234375 0.05390625
1 0.5359375 0.39921875 0.03515625 0.05703125
1 0.5875 0.40546875 0.03828125 0.05546875
1 0.65546875 0.41953125 0.0578125 0.0375
1 0.7109375 0.41875 0.05859375 0.040625
1 0.7328125 0.415625 0.02890625 0.0375
1 0.20234375 0.384375 0.0203125 0.0375
1 0.234375 0.3890625 0.02734375 0.0359375
1 0.0515625 0.3734375 0.01953125 0.01953125
1 0.425 0.4015625 0.03046875 0.040625