1 0.01328125 0.70078125 0.0265625 0.13359375
1 0.1109375 0.653125 0.22109375 0.2140625
1 0.26328125 0.621875 0.1171875 0.140625
1 0.33984375 0.6 0.0859375 0.11953125
1 0.3984375 0.58828125 0.05625 0.09609375
1 0.43125 0.58203125 0.0359375 0.075
1 0.8796875 0.603125 0.146875 0.18203125
1 0.7109375 0.58515625 0.103125 0.16640625
1 0.6390625 0.565625 0.05078125 0.06796875
1 0.8015625 0.5875 0.07578125 0.125
1 0.5 0.55 0.03046875 0.04296875
1 0.58125 0.55234375 0.02734375 0.0359375
1 0.55546875 0.546875 0.0234375 0.0265625