1 0.7796875 0.50859375 0.02421875 0.0359375
1 0.75234375 0.5171875 0.02421875 0.02109375
1 0.7265625 0.51875 0.02734375 0.0234375
1 0.6859375 0.51640625 0.0453125 0.040625
1 0.63984375 0.51875 0.0265625 0.028125
1 0.603125 0.521875 0.03125 0.03359375
1 0.54296875 0.52734375 0.03359375 0.03203125
1 0.5125 0.540625 0.05625 0.0484375
1 0.48203125 0.52890625 0.03125 0.040625
1 0.421875 0.534375 0.05234375 0.04296875
1 0.3703125 0.540625 0.05859375 0.046875
1 0.29140625 0.54609375 0.0703125 0.05703125
1 0.0390625 0.56640625 0.0734375 0.09453125
0 0.8546875 0.534375 0.02421875 0.103125