1 0.38125 0.51875 0.015625 0.02109375
1 0.35390625 0.521875 0.01875 0.015625
1 0.3203125 0.52421875 0.02265625 0.0234375
1 0.3 0.5265625 0.01796875 0.0234375
1 0.2109375 0.53359375 0.0453125 0.0515625
1 0.15859375 0.540625 0.05390625 0.06796875
1 0.1015625 0.5484375 0.0625 0.08046875
1 0.28203125 0.525 0.02890625 0.03359375
1 0.0453125 0.57734375 0.08984375 0.1125
1 0.4046875 0.51640625 0.01171875 0.01640625
1 0.4234375 0.51328125 0.009375 0.0234375
1 0.434375 0.51484375 0.01171875 0.02109375
1 0.44609375 0.51484375 0.01875 0.02890625
1 0.459375 0.51875 0.02265625 0.02890625
1 0.48203125 0.51484375 0.02890625 0.0515625
1 0.4984375 0.515625 0.02734375 0.05703125
1 0.521875 0.52109375 0.03671875 0.06796875
1 0.5546875 0.5265625 0.06796875 0.08359375
1 0.5921875 0.5421875 0.1015625 0.1109375
1 0.6765625 0.56328125 0.1484375 0.1609375
1 0.865625 0.578125 0.2640625 0.346875