1 0.55390625 0.325 0.009375 0.02109375
1 0.56015625 0.33046875 0.00703125 0.0265625
1 0.5671875 0.334375 0.009375 0.0265625
1 0.57421875 0.340625 0.0125 0.02890625
1 0.58515625 0.3421875 0.0125 0.02890625
1 0.59296875 0.346875 0.01015625 0.0265625
1 0.603125 0.34453125 0.0203125 0.0359375
1 0.615625 0.35 0.021875 0.034375
1 0.48515625 0.31640625 0.009375 0.040625
1 0.4984375 0.30234375 0.01171875 0.01640625
1 0.5140625 0.31875 0.00625 0.03046875
1 0.525 0.31953125 0.0109375 0.0265625
1 0.475 0.32421875 0.0125 0.0359375
1 0.4609375 0.3265625 0.0171875 0.034375
1 0.4453125 0.33671875 0.01875 0.0625
1 0.5421875 0.34453125 0.0328125 0.05546875
1 0.6375 0.36328125 0.034375 0.04296875
1 0.5171875 0.35625 0.02421875 0.0390625
1 0.50078125 0.328125 0.02421875 0.0359375
0 0.04921875 0.31796875 0.01796875 0.084375
0 0.0265625 0.31328125 0.015625 0.090625
0 0.846875 0.41484375 0.01953125 0.1234375
1 0.6265625 0.35390625 0.02734375 0.0375