1 0.309375 0.490625 0.01171875 0.01640625
1 0.290625 0.49296875 0.01171875 0.01640625
1 0.275 0.4921875 0.021875 0.0234375
1 0.2484375 0.49453125 0.02421875 0.0234375
1 0.19375 0.496875 0.02421875 0.03203125
1 0.171875 0.4984375 0.02890625 0.0359375
1 0.15390625 0.50234375 0.034375 0.0390625
1 0.1296875 0.5046875 0.02578125 0.04453125
1 0.10078125 0.5046875 0.05 0.0515625
1 0.028125 0.51328125 0.05625 0.0734375
1 0.35 0.4953125 0.01953125 0.028125
1 0.384375 0.50234375 0.02890625 0.04296875
1 0.4421875 0.5203125 0.0734375 0.08359375
1 0.321875 0.4875 0.0125 0.025
1 0.0078125 0.51875 0.01484375 0.053125