1 0.5796875 0.54453125 0.13515625 0.1109375
1 0.50703125 0.534375 0.01796875 0.02890625
1 0.49375 0.534375 0.01328125 0.028125
1 0.48125 0.53359375 0.0171875 0.04140625
1 0.465625 0.540625 0.0390625 0.04609375
1 0.42421875 0.52734375 0.0390625 0.03359375
1 0.321875 0.5171875 0.08125 0.059375
1 0.2171875 0.51015625 0.096875 0.05546875
1 0.1125 0.4953125 0.0859375 0.06796875
1 0.0375 0.47734375 0.075 0.11953125
1 0.87734375 0.5984375 0.02421875 0.0390625
1 0.83125 0.590625 0.04609375 0.04296875
1 0.7484375 0.57421875 0.01953125 0.0359375
1 0.78125 0.58515625 0.053125 0.04609375
1 0.71015625 0.57578125 0.06171875 0.04609375
1 0.93203125 0.6578125 0.13515625 0.171875