1 0.4015625 0.67109375 0.0328125 0.05859375
1 0.3671875 0.67109375 0.0375 0.04296875
1 0.54453125 0.678125 0.0109375 0.021875
1 0.553125 0.68359375 0.00859375 0.0140625
1 0.5609375 0.684375 0.00546875 0.015625
1 0.56875 0.68671875 0.0109375 0.0234375
1 0.5796875 0.684375 0.01171875 0.0234375
1 0.5921875 0.6875 0.0125 0.0265625
1 0.61328125 0.6765625 0.040625 0.05546875
1 0.478125 0.696875 0.13359375 0.2234375
1 0.68984375 0.70546875 0.0546875 0.09609375
1 0.771875 0.71328125 0.14140625 0.1609375
1 0.91875 0.759375 0.16171875 0.29140625
1 0.2203125 0.678125 0.1765625 0.196875
1 0.10078125 0.678125 0.06875 0.0734375
1 0.034375 0.6953125 0.06875 0.1265625
0 0.621875 0.67578125 0.0125 0.07109375