1 0.31953125 0.4 0.01640625 0.01953125
1 0.2890625 0.4 0.03359375 0.025
1 0.23984375 0.403125 0.025 0.0265625
1 0.19609375 0.403125 0.02265625 0.03046875
1 0.175 0.40546875 0.01953125 0.025
1 0.9453125 0.3265625 0.025 0.0359375
1 0.921875 0.3265625 0.0265625 0.0359375
1 0.89375 0.334375 0.03203125 0.0375
1 0.8625 0.3390625 0.0328125 0.046875
1 0.8203125 0.34921875 0.028125 0.04140625
1 0.7828125 0.35546875 0.05 0.04609375
1 0.60078125 0.371875 0.025 0.0359375
1 0.4609375 0.38359375 0.025 0.03046875
1 0.3734375 0.403125 0.04609375 0.04453125