1 0.2515625 0.81796875 0.08359375 0.07109375
1 0.17265625 0.87265625 0.1046875 0.0859375
1 0.6015625 0.80078125 0.03046875 0.04453125
1 0.62578125 0.803125 0.03359375 0.053125
1 0.659375 0.80625 0.05859375 0.078125
1 0.71875 0.809375 0.071875 0.10859375
1 0.5484375 0.803125 0.03046875 0.0484375
1 0.4578125 0.80859375 0.034375 0.0625
1 0.4203125 0.81796875 0.05078125 0.0859375
1 0.340625 0.84296875 0.134375 0.20390625
1 0.775 0.834375 0.11796875 0.1125
1 0.515625 0.8125 0.04765625 0.06796875
1 0.07265625 0.88671875 0.1421875 0.146875
1 0.56015625 0.7953125 0.01953125 0.0375