1 0.3078125 0.38515625 0.059375 0.06796875
1 0.62890625 0.428125 0.10234375 0.10390625
1 0.353125 0.384375 0.03203125 0.0484375
1 0.38125 0.3765625 0.03125 0.046875
1 0.39765625 0.36875 0.01796875 0.0359375
1 0.4125 0.36875 0.021875 0.040625
1 0.425 0.36875 0.01875 0.0359375
0 0.47265625 0.371875 0.01171875 0.02109375
0 0.484375 0.37265625 0.01328125 0.0234375
1 0.49296875 0.37890625 0.0140625 0.03203125
1 0.503125 0.38046875 0.021875 0.0390625
1 0.5140625 0.384375 0.01875 0.04453125
1 0.528125 0.384375 0.02734375 0.059375
1 0.5484375 0.3921875 0.03984375 0.07109375
1 0.575 0.40703125 0.05703125 0.075
1 0.44921875 0.378125 0.01328125 0.025
1 0.459375 0.37421875 0.009375 0.01640625
1 0.434375 0.37421875 0.0109375 0.025