1 0.52734375 0.484375 0.0234375 0.0359375
1 0.56640625 0.4640625 0.0109375 0.01953125
1 0.5890625 0.471875 0.03125 0.0359375
1 0.49375 0.484375 0.01484375 0.02109375
1 0.4765625 0.48359375 0.02421875 0.0265625
1 0.446875 0.5 0.02421875 0.02890625
1 0.415625 0.50234375 0.02578125 0.028125
1 0.3953125 0.509375 0.02421875 0.03046875
1 0.375 0.5140625 0.01875 0.0390625
1 0.35078125 0.51953125 0.02578125 0.04140625
1 0.1046875 0.60625 0.209375 0.259375
1 0.871875 0.4359375 0.1515625 0.128125
1 0.546875 0.4625 0.01484375 0.02109375