1 0.47421875 0.41484375 0.02578125 0.0390625
1 0.4890625 0.428125 0.02890625 0.0515625
1 0.50625 0.43671875 0.0296875 0.053125
1 0.528125 0.44453125 0.03984375 0.06796875
1 0.5640625 0.459375 0.05234375 0.09609375
1 0.57578125 0.4703125 0.05 0.0984375
1 0.60625 0.478125 0.0875 0.121875
1 0.70625 0.4984375 0.178125 0.2015625
1 0.3171875 0.428125 0.02734375 0.01953125
1 0.2703125 0.43984375 0.03984375 0.0390625
1 0.2234375 0.446875 0.05078125 0.0515625
1 0.175 0.44140625 0.06953125 0.0515625
1 0.0953125 0.44609375 0.07890625 0.06640625
1 0.053125 0.4984375 0.10625 0.12890625
1 0.40625 0.503125 0.15546875 0.2390625