1 0.09375 0.55234375 0.08515625 0.1109375
1 0.1328125 0.54296875 0.021875 0.046875
1 0.146875 0.5390625 0.015625 0.0359375
1 0.2171875 0.525 0.02265625 0.03046875
1 0.35078125 0.5375 0.03515625 0.05
1 0.38125 0.54296875 0.028125 0.05859375
1 0.40390625 0.540625 0.0234375 0.05390625
1 0.45234375 0.5484375 0.0734375 0.0875
1 0.5 0.55703125 0.05234375 0.07109375
1 0.5390625 0.56875 0.028125 0.0765625
1 0.565625 0.565625 0.03984375 0.084375
1 0.64453125 0.58359375 0.1265625 0.14296875
0 0.81875 0.5625 0.04375 0.15390625
1 0.3078125 0.528125 0.02890625 0.040625