1 0.27578125 0.36484375 0.02109375 0.034375
1 0.2578125 0.3640625 0.02734375 0.04140625
1 0.2421875 0.3671875 0.0265625 0.04453125
1 0.2234375 0.36875 0.02265625 0.04140625
1 0.43125 0.37109375 0.0265625 0.0375
1 0.675 0.359375 0.03671875 0.04140625
1 0.71875 0.365625 0.0609375 0.046875
1 0.18671875 0.36953125 0.0484375 0.05859375
1 0.3 0.36484375 0.0234375 0.025
1 0.3265625 0.3625 0.01875 0.02890625
1 0.5609375 0.365625 0.03046875 0.0375
1 0.5953125 0.3859375 0.04921875 0.05
0 0.1375 0.3765625 0.01796875 0.05
1 0.48984375 0.35078125 0.09375 0.190625
1 0.0375 0.39453125 0.075 0.065625