0 0.159375 0.50078125 0.0171875 0.078125
0 0.509375 0.5859375 0.0625 0.2125
0 0.6015625 0.51796875 0.03125 0.08046875
0 0.2078125 0.484375 0.01484375 0.05
0 0.19375 0.48515625 0.01328125 0.05859375
0 0.56640625 0.509375 0.0171875 0.06640625
0 0.765625 0.50625 0.01015625 0.0265625
0 0.75 0.51875 0.009375 0.0515625
0 0.7375 0.515625 0.0140625 0.0625
0 0.65 0.496875 0.0140625 0.05390625
0 0.6734375 0.509375 0.01171875 0.08203125
0 0.71484375 0.5125 0.01953125 0.059375
0 0.6984375 0.515625 0.01171875 0.06640625
1 0.59921875 0.5078125 0.05546875 0.046875
0 0.3734375 0.48671875 0.01015625 0.04609375
0 0.40625 0.4890625 0.0171875 0.078125
1 0.35390625 0.490625 0.01875 0.02890625
1 0.40546875 0.49453125 0.04296875 0.0390625
1 0.11328125 0.484375 0.04765625 0.0625
1 0.96328125 0.534375 0.07109375 0.08046875
1 0.30390625 0.48515625 0.0234375 0.0265625