1 0.1 0.64609375 0.2 0.1765625
1 0.240625 0.603125 0.15 0.13203125
1 0.3375 0.603125 0.0578125 0.090625
1 0.40703125 0.578125 0.05546875 0.05859375
1 0.4375 0.56171875 0.05390625 0.0625
1 0.478125 0.56328125 0.02890625 0.0484375
1 0.5015625 0.553125 0.025 0.0375
1 0.5203125 0.553125 0.015625 0.028125
1 0.5359375 0.553125 0.01484375 0.021875
1 0.55 0.5484375 0.01328125 0.01953125
1 0.746875 0.6390625 0.21171875 0.25390625
1 0.971875 0.67890625 0.0515625 0.215625
1 0.64453125 0.5484375 0.04453125 0.0640625
1 0.6046875 0.5578125 0.03125 0.040625