0 0.92578125 0.415625 0.01875 0.15390625
0 0.91875 0.4171875 0.02734375 0.15
0 0.89375 0.41875 0.03203125 0.16640625
0 0.8765625 0.36875 0.015625 0.065625
0 0.8640625 0.4140625 0.02734375 0.1609375
1 0.3625 0.37265625 0.02890625 0.03359375
1 0.3875 0.4046875 0.0484375 0.08203125
1 0.4203125 0.371875 0.0234375 0.05859375
1 0.5140625 0.37890625 0.0265625 0.034375
1 0.53125 0.39140625 0.0328125 0.0515625
1 0.590625 0.425 0.1046875 0.1359375
1 0.465625 0.37265625 0.02890625 0.03359375
1 0.48984375 0.37109375 0.0171875 0.028125
1 0.4453125 0.425 0.0734375 0.121875
1 0.32265625 0.4046875 0.1015625 0.15703125
1 0.7390625 0.471875 0.23046875 0.29609375