1 0.3921875 0.5296875 0.01484375 0.021875
1 0.378125 0.52890625 0.0171875 0.0359375
1 0.35234375 0.53984375 0.0359375 0.05546875
1 0.3125 0.5609375 0.04609375 0.10703125
1 0.28125 0.56875 0.06640625 0.13359375
1 0.071875 0.653125 0.1421875 0.3875
1 0.41328125 0.52890625 0.0125 0.025
1 0.428125 0.5328125 0.01484375 0.03359375
1 0.446875 0.53515625 0.021875 0.03203125
1 0.4609375 0.5390625 0.01796875 0.0359375
1 0.48984375 0.55 0.04296875 0.0625
1 0.55859375 0.575 0.05390625 0.11953125
1 0.6203125 0.59765625 0.1265625 0.15703125