1 0.0203125 0.5984375 0.040625 0.090625
1 0.8734375 0.6328125 0.175 0.2375
1 0.071875 0.5875 0.07109375 0.0765625
1 0.121875 0.58515625 0.046875 0.0640625
1 0.15625 0.57421875 0.05234375 0.06640625
1 0.765625 0.61640625 0.140625 0.221875
1 0.671875 0.62421875 0.1015625 0.15
1 0.6203125 0.6140625 0.03125 0.075
1 0.55 0.58984375 0.0796875 0.10546875
1 0.390625 0.56171875 0.028125 0.03359375
1 0.5078125 0.56953125 0.0375 0.0765625
1 0.43125 0.56015625 0.021875 0.03046875
1 0.2859375 0.56171875 0.0171875 0.025
1 0.23125 0.5578125 0.0390625 0.03203125