1 0.5359375 0.51640625 0.03984375 0.059375
1 0.478125 0.528125 0.0921875 0.090625
1 0.759375 0.48828125 0.03515625 0.04296875
1 0.3609375 0.55390625 0.15390625 0.14609375
1 0.6 0.5046875 0.1 0.17109375
1 0.709375 0.4859375 0.015625 0.0234375
1 0.21875 0.51953125 0.14375 0.20859375
1 0.1171875 0.56171875 0.234375 0.278125
1 0.5171875 0.52578125 0.0203125 0.0515625
0 0.9609375 0.47890625 0.02578125 0.11640625
0 0.9765625 0.4921875 0.03046875 0.14609375
0 0.9765625 0.4921875 0.0328125 0.14296875
0 0.9375 0.471875 0.021875 0.071875
0 0.92109375 0.465625 0.02109375 0.0734375
0 0.903125 0.471875 0.01953125 0.0640625