1 0.0921875 0.559375 0.184375 0.53203125
1 0.3375 0.50703125 0.0109375 0.028125
1 0.3296875 0.5078125 0.01015625 0.03359375
1 0.3203125 0.50625 0.01640625 0.034375
1 0.3078125 0.5078125 0.02265625 0.0484375
1 0.4125 0.515625 0.02734375 0.03046875
1 0.3734375 0.5140625 0.01796875 0.025
1 0.44375 0.51640625 0.03046875 0.0390625
1 0.2765625 0.5015625 0.04921875 0.065625
1 0.73125 0.58046875 0.29921875 0.29453125
1 0.4296875 0.5140625 0.009375 0.0234375
1 0.39140625 0.509375 0.009375 0.00859375
1 0.1765625 0.5375 0.0234375 0.0375
1 0.346875 0.50859375 0.01171875 0.021875