1 0.65625 0.42578125 0.103125 0.13046875
1 0.490625 0.4109375 0.0171875 0.040625
1 0.509375 0.41484375 0.021875 0.0390625
1 0.5234375 0.41875 0.01875 0.03359375
1 0.53671875 0.428125 0.02265625 0.0484375
1 0.56640625 0.42265625 0.03671875 0.05859375
1 0.6078125 0.42265625 0.06484375 0.103125
1 0.33203125 0.4171875 0.01875 0.028125
1 0.3453125 0.41484375 0.01171875 0.021875
1 0.35390625 0.415625 0.0109375 0.02109375
1 0.3890625 0.409375 0.0125 0.01640625
1 0.4140625 0.40703125 0.0078125 0.0109375
1 0.42578125 0.40703125 0.01328125 0.0109375
1 0.40390625 0.40859375 0.00859375 0.0140625