0 0.0953125 0.55625 0.03125 0.128125
0 0.06171875 0.55859375 0.03828125 0.128125
0 0.61875 0.5234375 0.00859375 0.0515625
0 0.6265625 0.528125 0.00859375 0.0515625
0 0.634375 0.53203125 0.01171875 0.0515625
0 0.6484375 0.5375 0.01640625 0.071875
1 0.5203125 0.49609375 0.01171875 0.0234375
1 0.528125 0.5046875 0.015625 0.03359375
1 0.54375 0.51171875 0.01640625 0.0265625
1 0.55703125 0.51875 0.028125 0.03359375
1 0.46796875 0.4796875 0.01171875 0.009375
1 0.44375 0.47265625 0.0125 0.01640625
1 0.428125 0.47890625 0.01484375 0.021875
1 0.41875 0.496875 0.01875 0.04453125
1 0.39765625 0.5078125 0.04296875 0.08359375
1 0.39765625 0.521875 0.01953125 0.05703125
1 0.3734375 0.5234375 0.04609375 0.071875
1 0.353125 0.56015625 0.071875 0.09140625