0 0.2359375 0.5046875 0.0328125 0.15546875
1 0.00703125 0.52421875 0.01171875 0.05859375
0 0.2734375 0.46328125 0.0203125 0.09609375
1 0.0875 0.5046875 0.1375 0.115625
1 0.19375 0.49453125 0.05859375 0.05859375
1 0.3453125 0.484375 0.02265625 0.034375
1 0.3109375 0.4859375 0.046875 0.04609375
1 0.3734375 0.48203125 0.0375 0.046875
1 0.521875 0.48359375 0.0296875 0.04453125
1 0.5421875 0.478125 0.01328125 0.01796875
1 0.55625 0.48203125 0.02265625 0.03359375
1 0.578125 0.47890625 0.0203125 0.03359375
1 0.678125 0.48359375 0.0546875 0.0359375
1 0.70625 0.47109375 0.040625 0.03046875
1 0.7328125 0.51171875 0.0890625 0.09609375
1 0.8765625 0.52890625 0.20390625 0.18203125