1 0.38125 0.5515625 0.01328125 0.025
1 0.3453125 0.578125 0.06875 0.08203125
1 0.27109375 0.5671875 0.065625 0.07890625
1 0.2125 0.58125 0.02734375 0.0375
1 0.16796875 0.58515625 0.07265625 0.0609375
1 0.06875 0.5984375 0.1203125 0.11953125
1 0.484375 0.5296875 0.01484375 0.02890625
1 0.515625 0.5515625 0.05703125 0.09296875
1 0.5609375 0.56015625 0.01640625 0.04296875
1 0.59375 0.546875 0.06015625 0.084375
1 0.659375 0.5625 0.07734375 0.10390625
1 0.7359375 0.5578125 0.121875 0.153125
1 0.875 0.5671875 0.24453125 0.25859375
1 0.434375 0.5828125 0.11171875 0.15546875