0 0.4234375 0.46484375 0.0046875 0.028125
1 0.415625 0.4640625 0.01015625 0.025
1 0.4015625 0.46796875 0.015625 0.0234375
1 0.3890625 0.47109375 0.01875 0.0234375
1 0.37890625 0.47421875 0.015625 0.025
1 0.36328125 0.48046875 0.03046875 0.03359375
1 0.3390625 0.478125 0.034375 0.05390625
1 0.303125 0.48671875 0.04765625 0.06640625
1 0.25703125 0.48984375 0.0703125 0.0859375
1 0.20546875 0.503125 0.09609375 0.1
1 0.0515625 0.54453125 0.1015625 0.2015625
1 0.534375 0.69296875 0.334375 0.4515625
1 0.490625 0.44921875 0.11875 0.03359375