0 0.88125 0.5703125 0.01171875 0.0890625
0 0.75 0.521875 0.00703125 0.046875
0 0.9796875 0.5484375 0.0140625 0.08046875
0 0.934375 0.55625 0.01171875 0.07890625
0 0.9203125 0.55 0.0171875 0.0875
0 0.890625 0.55703125 0.0140625 0.0765625
0 0.7421875 0.521875 0.0078125 0.05546875
0 0.7234375 0.51484375 0.0078125 0.05390625
0 0.715625 0.51484375 0.00703125 0.05390625
0 0.7109375 0.5171875 0.003125 0.046875
0 0.25 0.47578125 0.0078125 0.06796875
0 0.240625 0.45625 0.01015625 0.025
1 0.5578125 0.47890625 0.01484375 0.021875
1 0.490625 0.484375 0.0140625 0.02109375
1 0.478125 0.48046875 0.0078125 0.025
1 0.4546875 0.5 0.04453125 0.06796875
1 0.43203125 0.4875 0.0125 0.0265625
1 0.4109375 0.49921875 0.0234375 0.03359375
1 0.375 0.49921875 0.0453125 0.05859375
1 0.584375 0.490625 0.0265625 0.05390625
1 0.3203125 0.5015625 0.06640625 0.0875
1 0.6140625 0.525 0.05703125 0.06796875
1 0.8078125 0.540625 0.09140625 0.10859375
1 0.528125 0.51328125 0.06796875 0.10859375