1 0.0578125 0.390625 0.04296875 0.0375
1 0.1171875 0.38984375 0.0359375 0.04140625
1 0.1515625 0.38984375 0.0234375 0.0375
1 0.1796875 0.390625 0.0328125 0.034375
1 0.2109375 0.3890625 0.0296875 0.02890625
1 0.2484375 0.38046875 0.0390625 0.040625
1 0.284375 0.390625 0.034375 0.040625
1 0.3140625 0.390625 0.0234375 0.040625
1 0.4375 0.40703125 0.03125 0.05546875
1 0.60078125 0.4109375 0.06875 0.06953125
1 0.4765625 0.4375 0.07890625 0.09609375
1 0.01875 0.38359375 0.0375 0.0578125
1 0.57109375 0.46484375 0.1515625 0.19296875
1 0.3703125 0.4625 0.14140625 0.2140625
0 0.16875 0.415625 0.01796875 0.103125