1 0.8609375 0.42734375 0.03515625 0.0359375
1 0.83359375 0.428125 0.040625 0.0390625
1 0.80078125 0.4296875 0.04375 0.04140625
1 0.775 0.425 0.03828125 0.04140625
1 0.69375 0.43046875 0.03984375 0.03359375
1 0.6375 0.4296875 0.01796875 0.0265625
1 0.621875 0.43046875 0.0234375 0.02890625
1 0.6 0.4296875 0.02734375 0.03203125
1 0.575 0.43359375 0.0234375 0.02890625
1 0.55234375 0.43046875 0.02734375 0.02890625
1 0.45625 0.43359375 0.0453125 0.0484375
1 0.375 0.434375 0.0453125 0.04140625
1 0.084375 0.42734375 0.05078125 0.05546875
1 0.17890625 0.43203125 0.03515625 0.04140625
1 0.9515625 0.4421875 0.09609375 0.1875