1 0.25703125 0.596875 0.02421875 0.03203125
1 0.240625 0.59609375 0.021875 0.03359375
1 0.2140625 0.603125 0.03125 0.03046875
1 0.1890625 0.6046875 0.0328125 0.04140625
1 0.1671875 0.6171875 0.04140625 0.05
1 0.134375 0.62578125 0.034375 0.05546875
1 0.1015625 0.63515625 0.06015625 0.0734375
1 0.40703125 0.590625 0.01875 0.03203125
1 0.4234375 0.58984375 0.0171875 0.04140625
1 0.4375 0.59921875 0.0265625 0.053125
1 0.45625 0.61796875 0.0296875 0.0640625
1 0.4859375 0.62890625 0.03671875 0.07890625
1 0.5375 0.65078125 0.090625 0.109375