1 0.4578125 0.48125 0.01484375 0.04296875
1 0.4484375 0.4921875 0.0171875 0.0375
1 0.43515625 0.496875 0.01640625 0.04453125
1 0.425 0.496875 0.02734375 0.0484375
1 0.409375 0.50859375 0.02109375 0.040625
1 0.3703125 0.50703125 0.078125 0.08203125
1 0.5359375 0.490625 0.01015625 0.0234375
1 0.54921875 0.48828125 0.0265625 0.03203125
1 0.5890625 0.51171875 0.03671875 0.06796875
1 0.6296875 0.52578125 0.0609375 0.090625
1 0.70703125 0.55078125 0.140625 0.15546875
1 0.95546875 0.721875 0.0859375 0.28359375