0 0.965625 0.696875 0.03515625 0.1234375
0 0.875 0.68984375 0.01640625 0.096875
0 0.90625 0.68671875 0.0171875 0.0890625
0 0.76796875 0.65078125 0.0078125 0.0265625
1 0.46015625 0.74921875 0.20703125 0.3859375
1 0.78515625 0.72265625 0.14140625 0.1140625
1 0.70625 0.696875 0.09375 0.1109375
1 0.5546875 0.6890625 0.09375 0.146875
1 0.3234375 0.678125 0.07109375 0.084375
1 0.278125 0.66875 0.03828125 0.05859375
1 0.36640625 0.6734375 0.01953125 0.05390625
1 0.4046875 0.653125 0.04296875 0.075
1 0.25 0.66484375 0.03125 0.040625
0 0.634375 0.65546875 0.01015625 0.04296875