1 0.40625 0.36640625 0.015625 0.0125
1 0.4078125 0.3765625 0.0140625 0.015625
1 0.4265625 0.3796875 0.01328125 0.02109375
1 0.4390625 0.3796875 0.01328125 0.02109375
1 0.45625 0.384375 0.01875 0.028125
1 0.4703125 0.38671875 0.009375 0.0234375
1 0.47578125 0.3921875 0.0109375 0.02109375
1 0.4859375 0.3921875 0.01171875 0.02109375
1 0.49609375 0.39765625 0.0109375 0.01953125
1 0.5671875 0.43515625 0.0953125 0.08046875
1 0.8203125 0.40390625 0.1015625 0.075
1 0.1453125 0.3625 0.115625 0.06796875
1 0.05 0.34140625 0.07265625 0.0515625
1 0.00625 0.340625 0.0125 0.040625
1 0.3875 0.365625 0.0203125 0.02109375
1 0.3859375 0.390625 0.02734375 0.028125
1 0.4703125 0.546875 0.209375 0.290625
1 0.815625 0.634375 0.36328125 0.42109375
1 0.44375 0.35859375 0.0265625 0.015625