1 0.4953125 0.4984375 0.025 0.034375
1 0.55625 0.46640625 0.01171875 0.01953125
1 0.5421875 0.46796875 0.01484375 0.02109375
1 0.5296875 0.471875 0.01875 0.028125
1 0.578125 0.46328125 0.02109375 0.0265625
1 0.40546875 0.49375 0.02734375 0.02109375
1 0.18984375 0.4703125 0.04765625 0.034375
1 0.7109375 0.496875 0.0609375 0.065625
1 0.6 0.50390625 0.03984375 0.0609375
1 0.471875 0.51328125 0.04296875 0.059375
1 0.3984375 0.546875 0.075 0.0890625
1 0.2296875 0.553125 0.1109375 0.121875
1 0.521875 0.48359375 0.01953125 0.03359375