1 0.3875 0.51171875 0.03828125 0.034375
1 0.353125 0.51796875 0.05859375 0.05546875
1 0.309375 0.52734375 0.03359375 0.059375
1 0.26015625 0.54140625 0.0890625 0.103125
1 0.13125 0.534375 0.184375 0.171875
1 0.4734375 0.52421875 0.01796875 0.025
1 0.4890625 0.52890625 0.01953125 0.02109375
1 0.50390625 0.534375 0.021875 0.0234375
1 0.515625 0.53984375 0.01796875 0.02890625
1 0.5421875 0.53984375 0.0421875 0.06796875
1 0.58125 0.546875 0.0515625 0.07890625
1 0.6375 0.575 0.0875 0.09609375
1 0.721875 0.61875 0.13203125 0.11953125