1 0.340625 0.5703125 0.05078125 0.065625
1 0.36875 0.56015625 0.02421875 0.05546875
1 0.3859375 0.56015625 0.01796875 0.04609375
1 0.47734375 0.55234375 0.015625 0.02890625
1 0.4859375 0.5546875 0.0125 0.02890625
1 0.49609375 0.553125 0.0140625 0.034375
1 0.50859375 0.559375 0.025 0.059375
1 0.54609375 0.58046875 0.0890625 0.109375
1 0.6 0.559375 0.03984375 0.05546875
1 0.6234375 0.5703125 0.04609375 0.06796875
1 0.6921875 0.58046875 0.1078125 0.109375
1 0.4375 0.5578125 0.04140625 0.046875
1 0.478125 0.5203125 0.00859375 0.0125