1 0.496875 0.296875 0.07265625 0.07890625
1 0.3609375 0.2984375 0.03828125 0.059375
1 0.2890625 0.29921875 0.03828125 0.05390625
1 0.20625 0.3109375 0.05 0.059375
1 0.1234375 0.321875 0.0609375 0.05390625
1 0.1671875 0.3140625 0.03515625 0.05
1 0.259375 0.29296875 0.0265625 0.05390625
1 0.33359375 0.2953125 0.0171875 0.04140625
1 0.309375 0.296875 0.0125 0.0375
1 0.38125 0.284375 0.02421875 0.04609375
1 0.396875 0.278125 0.0125 0.034375
1 0.41015625 0.28046875 0.02578125 0.04140625
1 0.453125 0.290625 0.02890625 0.05859375
0 0.6546875 0.26640625 0.01875 0.06796875
1 0.2390625 0.290625 0.01875 0.0390625