1 0.59140625 0.45078125 0.015625 0.0390625
1 0.6125 0.4515625 0.0390625 0.065625
1 0.640625 0.46328125 0.059375 0.0765625
1 0.4234375 0.4734375 0.0359375 0.05546875
1 0.54609375 0.4390625 0.00859375 0.015625
1 0.51640625 0.4390625 0.00546875 0.0125
1 0.3859375 0.48984375 0.04453125 0.09140625
1 0.5703125 0.446875 0.015625 0.0234375
1 0.509375 0.44140625 0.015625 0.03046875
1 0.4875 0.45859375 0.03125 0.04609375
1 0.4625 0.4546875 0.015625 0.021875
1 0.69375 0.47421875 0.0828125 0.1140625
1 0.2578125 0.525 0.23828125 0.2859375
0 0.90625 0.45859375 0.025 0.11796875
1 0.5546875 0.4359375 0.0078125 0.015625
0 0.18671875 0.446875 0.0203125 0.05546875