1 0.08125 0.5390625 0.065625 0.03046875
1 0.2671875 0.596875 0.15234375 0.1859375
1 0.459375 0.6171875 0.10625 0.159375
1 0.63515625 0.59921875 0.10859375 0.153125
1 0.578125 0.5625 0.04375 0.0890625
1 0.5375 0.546875 0.0328125 0.046875
1 0.3828125 0.553125 0.0484375 0.06953125
1 0.34765625 0.5375 0.034375 0.0484375
1 0.428125 0.528125 0.01640625 0.0265625
1 0.4171875 0.5234375 0.01171875 0.028125
1 0.928125 0.4875 0.05078125 0.04296875
1 0.80703125 0.478125 0.02734375 0.028125
1 0.7578125 0.47265625 0.03203125 0.02109375
1 0.734375 0.471875 0.01875 0.021875
1 0.71171875 0.47265625 0.0234375 0.02109375
1 0.490625 0.52578125 0.01484375 0.021875
1 0.4765625 0.5234375 0.0078125 0.0234375
1 0.5171875 0.5203125 0.01171875 0.02109375