1 0.4046875 0.471875 0.0140625 0.0234375
1 0.253125 0.4703125 0.03359375 0.0484375
1 0.33046875 0.459375 0.0359375 0.04609375
1 0.29140625 0.484375 0.05625 0.059375
1 0.375 0.48046875 0.05234375 0.0875
1 0.4375 0.471875 0.0328125 0.04296875
1 0.50234375 0.475 0.03203125 0.0375
1 0.5859375 0.51171875 0.0859375 0.1
1 0.1203125 0.521875 0.16015625 0.14453125
0 0.8828125 0.49921875 0.03359375 0.159375
0 0.859375 0.51875 0.0328125 0.1
0 0.90703125 0.50625 0.028125 0.075
0 0.9359375 0.49453125 0.028125 0.0625
1 0.35625 0.47421875 0.0125 0.0265625