1 0.01875 0.50234375 0.0375 0.2328125
1 0.16875 0.48984375 0.2859375 0.27890625
1 0.4125 0.55546875 0.24453125 0.334375
1 0.30859375 0.44296875 0.0734375 0.084375
1 0.559375 0.4515625 0.01953125 0.04296875
1 0.575 0.45859375 0.0125 0.05
1 0.5921875 0.46015625 0.0359375 0.0609375
1 0.678125 0.51171875 0.1875 0.23046875
1 0.946875 0.57265625 0.103125 0.1890625
0 0.8828125 0.48203125 0.03046875 0.18359375
0 0.5421875 0.434375 0.0078125 0.0265625
0 0.5171875 0.43125 0.0078125 0.0359375
1 0.50078125 0.41875 0.0125 0.03046875
1 0.50625 0.41171875 0.0109375 0.0234375