1 0.484375 0.5515625 0.059375 0.090625
1 0.428125 0.49765625 0.0234375 0.0359375
1 0.2921875 0.553125 0.06640625 0.075
1 0.3203125 0.53828125 0.03515625 0.0609375
1 0.3390625 0.5234375 0.0328125 0.05546875
1 0.35859375 0.52421875 0.0171875 0.046875
1 0.371875 0.5109375 0.0234375 0.0375
1 0.3890625 0.50390625 0.01953125 0.0375
1 0.4046875 0.50078125 0.009375 0.03046875
1 0.4828125 0.50078125 0.040625 0.01640625
1 0.4828125 0.48125 0.0328125 0.021875
1 0.459375 0.490625 0.015625 0.03046875
1 0.95234375 0.58359375 0.09140625 0.084375