1 0.125 0.54375 0.0734375 0.078125
1 0.203125 0.521875 0.04609375 0.0515625
1 0.234375 0.51796875 0.025 0.04453125
1 0.2546875 0.5109375 0.01640625 0.04140625
1 0.2734375 0.5109375 0.01796875 0.03046875
1 0.9328125 0.546875 0.13203125 0.25
1 0.8046875 0.5359375 0.19765625 0.18359375
1 0.6859375 0.52734375 0.1140625 0.125
1 0.60625 0.51484375 0.08359375 0.096875
1 0.55 0.50859375 0.0421875 0.078125
1 0.5234375 0.5046875 0.03125 0.059375
1 0.484375 0.49453125 0.0328125 0.04296875
1 0.4640625 0.49609375 0.01640625 0.04140625
1 0.453125 0.49453125 0.01640625 0.03359375
1 0.4171875 0.49375 0.015625 0.02109375
1 0.0109375 0.54609375 0.01875 0.053125
1 0.334375 0.5015625 0.01953125 0.0234375