0 0.071875 0.478125 0.02578125 0.1140625
0 0.71484375 0.465625 0.01171875 0.0484375
0 0.690625 0.46015625 0.009375 0.0609375
0 0.696875 0.465625 0.0078125 0.05546875
0 0.775 0.46640625 0.0203125 0.09296875
0 0.8015625 0.471875 0.02109375 0.09140625
0 0.9125 0.478125 0.01796875 0.09453125
0 0.92890625 0.471875 0.0203125 0.10390625
0 0.95234375 0.478125 0.025 0.09453125
0 0.63125 0.46015625 0.01015625 0.05546875
0 0.64140625 0.4625 0.0078125 0.05546875
0 0.034375 0.46640625 0.02109375 0.13203125
1 0.48046875 0.45703125 0.02265625 0.0359375
1 0.5078125 0.45390625 0.03125 0.0375
1 0.54296875 0.45546875 0.034375 0.05390625
1 0.4390625 0.46015625 0.0125 0.034375
1 0.4171875 0.4578125 0.02109375 0.05
1 0.403125 0.46171875 0.02421875 0.0625
1 0.3671875 0.471875 0.07421875 0.09140625
1 0.45625 0.459375 0.0234375 0.040625
1 0.42890625 0.453125 0.01484375 0.02890625