1 0.275 0.4921875 0.059375 0.078125
1 0.1953125 0.50859375 0.1328125 0.10859375
1 0.4296875 0.4703125 0.0390625 0.06953125
1 0.45703125 0.4625 0.01875 0.03359375
1 0.55 0.475 0.01796875 0.05390625
1 0.565625 0.478125 0.02734375 0.0734375
1 0.5953125 0.48359375 0.06640625 0.1
1 0.646875 0.5078125 0.08828125 0.153125
1 0.76953125 0.534375 0.259375 0.309375
1 0.91171875 0.640625 0.1765625 0.4484375
1 0.5234375 0.459375 0.02734375 0.040625
1 0.3625 0.49375 0.1171875 0.175
1 0.0703125 0.5390625 0.140625 0.19140625
1 0.4875 0.459375 0.015625 0.025