1 0.8796875 0.6703125 0.2375 0.1875
1 0.659375 0.6265625 0.09921875 0.109375
1 0.6078125 0.6140625 0.0390625 0.07109375
1 0.5859375 0.61640625 0.02734375 0.046875
1 0.5359375 0.60703125 0.02578125 0.059375
1 0.4953125 0.603125 0.0296875 0.04453125
1 0.4703125 0.5984375 0.0234375 0.02890625
1 0.4375 0.58828125 0.021875 0.028125
1 0.4203125 0.5859375 0.009375 0.01640625
1 0.4140625 0.571875 0.0109375 0.01796875
1 0.38828125 0.578125 0.01640625 0.03359375
1 0.39453125 0.565625 0.01875 0.025
1 0.4578125 0.59296875 0.0078125 0.021875
1 0.5140625 0.60625 0.034375 0.0515625