1 0.53125 0.4171875 0.01875 0.0375
1 0.5484375 0.41796875 0.01484375 0.0265625
1 0.57578125 0.41171875 0.0421875 0.0609375
1 0.44296875 0.40859375 0.03359375 0.0765625
1 0.353125 0.4265625 0.03359375 0.04609375
1 0.3046875 0.4265625 0.02578125 0.0375
1 0.275 0.42265625 0.040625 0.046875
1 0.2421875 0.4296875 0.046875 0.046875
1 0.19375 0.43359375 0.05390625 0.0515625
1 0.08125 0.446875 0.1578125 0.1234375
1 0.3984375 0.428125 0.07578125 0.0875
1 0.4859375 0.42109375 0.08671875 0.13046875
1 0.5828125 0.4265625 0.03984375 0.053125
1 0.159375 0.4375 0.02421875 0.059375
1 0.8515625 0.55390625 0.29375 0.3625
1 0.540625 0.41953125 0.01015625 0.028125