1 0.465625 0.496875 0.03515625 0.0734375
1 0.47578125 0.5046875 0.0296875 0.07109375
1 0.36796875 0.4703125 0.0125 0.01640625
1 0.30078125 0.478125 0.0234375 0.0375
1 0.3171875 0.471875 0.01953125 0.028125
1 0.284375 0.484375 0.028125 0.05
1 0.2703125 0.48359375 0.01875 0.046875
1 0.2515625 0.4875 0.0328125 0.071875
1 0.221875 0.48984375 0.06171875 0.084375
1 0.18671875 0.51328125 0.059375 0.06953125
1 0.146875 0.51328125 0.05 0.078125
1 0.06875 0.51484375 0.13671875 0.1375
1 0.528125 0.50234375 0.10078125 0.153125
1 0.3984375 0.46328125 0.0078125 0.0265625
1 0.40546875 0.46953125 0.0171875 0.03046875
1 0.4390625 0.4640625 0.02890625 0.04609375