0 0.98125 0.61015625 0.0359375 0.15859375
0 0.94375 0.61015625 0.040625 0.15859375
0 0.89375 0.6203125 0.03125 0.14140625
0 0.87265625 0.61171875 0.0265625 0.15859375
0 0.846875 0.61796875 0.0328125 0.146875
0 0.7609375 0.628125 0.0390625 0.12109375
0 0.60859375 0.61484375 0.01328125 0.06640625
0 0.596875 0.56953125 0.01484375 0.10703125
0 0.10078125 0.628125 0.0125 0.05546875
0 0.0875 0.63046875 0.009375 0.053125
1 0.2921875 0.60390625 0.34140625 0.371875
0 0.6578125 0.62265625 0.01875 0.09609375
0 0.0359375 0.63125 0.01171875 0.0484375