1 0.1203125 0.5375 0.04765625 0.0859375
1 0.20234375 0.5375 0.13125 0.17890625
1 0.4890625 0.4671875 0.03515625 0.0609375
1 0.5265625 0.47265625 0.0546875 0.0984375
1 0.05078125 0.59140625 0.1015625 0.20859375
1 0.89296875 0.56953125 0.2109375 0.4734375
1 0.3703125 0.546875 0.27265625 0.3765625
0 0.68125 0.43828125 0.0140625 0.096875
0 0.73125 0.43203125 0.01796875 0.096875
0 0.715625 0.43515625 0.01953125 0.10859375
0 0.178125 0.459375 0.00625 0.01640625
0 0.1609375 0.471875 0.009375 0.04296875
0 0.15078125 0.47890625 0.0140625 0.053125
0 0.57265625 0.40859375 0.00859375 0.01640625
0 0.6671875 0.421875 0.01875 0.065625
0 0.9828125 0.32734375 0.01640625 0.03359375
0 0.540625 0.39921875 0.009375 0.03203125
1 0.625 0.48671875 0.1515625 0.20859375