1 0.515625 0.79375 0.02265625 0.0359375
1 0.553125 0.79140625 0.01875 0.034375
1 0.49296875 0.7828125 0.00703125 0.02109375
1 0.4875 0.7859375 0.0109375 0.01640625
1 0.45625 0.80234375 0.009375 0.01796875
1 0.44609375 0.803125 0.0171875 0.025
1 0.425 0.80625 0.02265625 0.0265625
1 0.3375 0.81171875 0.02421875 0.0390625
1 0.303125 0.81328125 0.05078125 0.0625
1 0.5890625 0.79765625 0.01484375 0.0234375
1 0.5921875 0.796875 0.01015625 0.025
1 0.61875 0.7984375 0.02421875 0.04296875
1 0.646875 0.8125 0.01640625 0.05390625
1 0.7109375 0.82421875 0.0484375 0.0890625
1 0.775 0.8265625 0.109375 0.12890625
1 0.865625 0.85390625 0.16328125 0.1625
1 0.95 0.865625 0.0984375 0.2015625
1 0.4984375 0.7796875 0.00625 0.01640625
1 0.60234375 0.79921875 0.01484375 0.025
1 0.628125 0.80625 0.03359375 0.0375
1 0.57109375 0.778125 0.00859375 0.0140625
1 0.565625 0.778125 0.00859375 0.0125
1 0.57265625 0.7828125 0.00703125 0.0140625
1 0.5765625 0.7859375 0.01171875 0.01796875
1 0.67421875 0.8109375 0.05703125 0.071875
1 0.4640625 0.7984375 0.0109375 0.01640625
1 0.3453125 0.80859375 0.01796875 0.03046875