1 0.11875 0.615625 0.2375 0.265625
1 0.190625 0.496875 0.04609375 0.05546875
1 0.23125 0.49296875 0.05 0.059375
1 0.2875 0.4953125 0.05703125 0.0625
1 0.31484375 0.48046875 0.03125 0.053125
1 0.33671875 0.4703125 0.02421875 0.04296875
1 0.36875 0.4515625 0.021875 0.0375
1 0.3796875 0.446875 0.0171875 0.04140625
1 0.3953125 0.44609375 0.0140625 0.02109375
1 0.4140625 0.45234375 0.02109375 0.03046875
1 0.515625 0.66875 0.271875 0.353125
1 0.40546875 0.43046875 0.0140625 0.02109375
1 0.753125 0.5453125 0.02734375 0.0625
1 0.56953125 0.47421875 0.04140625 0.04140625
1 0.27265625 0.47109375 0.04296875 0.059375
1 0.29296875 0.45546875 0.03203125 0.04453125