1 0.309375 0.47890625 0.0125 0.01953125
1 0.275 0.47109375 0.01640625 0.021875
1 0.28828125 0.48515625 0.0234375 0.03203125
1 0.35625 0.471875 0.0109375 0.0140625
1 0.44375 0.465625 0.01875 0.01640625
1 0.4203125 0.4671875 0.01640625 0.0234375
1 0.4453125 0.478125 0.0203125 0.021875
0 0.4265625 0.47734375 0.0078125 0.04296875
1 0.49375 0.48046875 0.0203125 0.0265625
1 0.36875 0.4625 0.01796875 0.0234375
1 0.16875 0.490625 0.04921875 0.0515625
1 0.1390625 0.459375 0.03125 0.02890625
1 0.1125 0.4890625 0.06171875 0.053125
1 0.0578125 0.490625 0.04609375 0.0609375