1 0.38125 0.4546875 0.02890625 0.0375
1 0.425 0.45625 0.02734375 0.078125
1 0.740625 0.44765625 0.075 0.05859375
1 0.871875 0.44453125 0.09765625 0.05859375
1 0.965625 0.45078125 0.0328125 0.0515625
1 0.0953125 0.478125 0.08984375 0.053125
0 0.675 0.47265625 0.015625 0.0859375
0 0.6625 0.46640625 0.01953125 0.07890625
0 0.65078125 0.4734375 0.02265625 0.075
0 0.621875 0.4609375 0.015625 0.0859375
1 0.353125 0.45625 0.04140625 0.0484375
1 0.49453125 0.4734375 0.12890625 0.225
1 0.8125 0.440625 0.08046875 0.07890625
1 0.5828125 0.4578125 0.034375 0.046875
1 0.0296875 0.478125 0.059375 0.075