1 0.6109375 0.478125 0.01328125 0.01953125
1 0.6203125 0.47890625 0.0109375 0.01953125
1 0.6296875 0.484375 0.01484375 0.01953125
1 0.6515625 0.48671875 0.025 0.03046875
1 0.69296875 0.490625 0.02734375 0.034375
1 0.7125 0.49609375 0.02109375 0.04140625
1 0.7421875 0.49921875 0.05078125 0.0484375
1 0.7859375 0.51875 0.06796875 0.0640625
1 0.88515625 0.52890625 0.0546875 0.075
1 0.3671875 0.496875 0.01875 0.01640625
1 0.35 0.50078125 0.01875 0.01640625
1 0.3359375 0.503125 0.025 0.0265625
1 0.3203125 0.5109375 0.01953125 0.0234375
1 0.296875 0.51484375 0.0265625 0.0234375
1 0.26796875 0.525 0.02734375 0.0375
1 0.2359375 0.525 0.02265625 0.0234375
1 0.20625 0.5671875 0.08515625 0.0890625
1 0.1796875 0.54609375 0.07421875 0.08359375
1 0.096875 0.57265625 0.0984375 0.08203125
1 0.4359375 0.565625 0.07109375 0.06953125
0 0.653125 0.5328125 0.02109375 0.09140625
0 0.828125 0.5375 0.0171875 0.096875
0 0.8515625 0.534375 0.0203125 0.0984375
0 0.69765625 0.534375 0.02421875 0.09609375