1 0.45546875 0.49765625 0.01328125 0.0125
1 0.44296875 0.49609375 0.0140625 0.02890625
1 0.428125 0.5015625 0.0109375 0.025
1 0.41171875 0.50234375 0.028125 0.02890625
1 0.38125 0.5109375 0.01328125 0.04296875
1 0.36328125 0.509375 0.03046875 0.065625
1 0.3375 0.51171875 0.04453125 0.06953125
1 0.2859375 0.5265625 0.08125 0.0875
1 0.48125 0.496875 0.00546875 0.015625
1 0.49375 0.5015625 0.0109375 0.0125
1 0.4671875 0.4953125 0.00703125 0.0125
1 0.5109375 0.50625 0.02421875 0.0359375
1 0.08125 0.54296875 0.1625 0.296875