1 0.496875 0.375 0.01328125 0.02109375
1 0.484375 0.375 0.0140625 0.0265625
1 0.46484375 0.378125 0.02578125 0.034375
1 0.446875 0.38203125 0.02890625 0.04140625
1 0.43125 0.384375 0.03046875 0.0609375
1 0.33828125 0.39609375 0.184375 0.1234375
1 0.534375 0.3953125 0.065625 0.10390625
1 0.5703125 0.378125 0.0140625 0.03046875
1 0.5796875 0.37734375 0.01875 0.04296875
1 0.5890625 0.375 0.02109375 0.046875
1 0.6015625 0.37734375 0.02109375 0.059375
1 0.63671875 0.37265625 0.06171875 0.07890625
1 0.684375 0.396875 0.0734375 0.08046875
1 0.04375 0.53203125 0.08515625 0.14140625
1 0.953125 0.396875 0.09296875 0.10859375