1 0.4875 0.46484375 0.01484375 0.01640625
1 0.534375 0.47109375 0.009375 0.009375
1 0.26875 0.47734375 0.02578125 0.02890625
1 0.0796875 0.471875 0.0203125 0.01953125
1 0.103125 0.47734375 0.0203125 0.0234375
1 0.20078125 0.471875 0.01328125 0.0234375
1 0.22890625 0.478125 0.0171875 0.03203125
1 0.4515625 0.47890625 0.04609375 0.0609375
1 0.55859375 0.47734375 0.02734375 0.040625
1 0.6109375 0.49453125 0.075 0.0984375
1 0.346875 0.49765625 0.125 0.1609375
1 0.83046875 0.5296875 0.3390625 0.44296875
1 0.04375 0.48359375 0.0296875 0.040625