1 0.4046875 0.59375 0.01171875 0.0234375
1 0.38125 0.596875 0.015625 0.02109375
1 0.36171875 0.596875 0.0171875 0.025
1 0.34921875 0.596875 0.01015625 0.025
1 0.3265625 0.59765625 0.03984375 0.04296875
1 0.2984375 0.59921875 0.03125 0.04453125
1 0.2796875 0.603125 0.0359375 0.0375
1 0.22265625 0.6046875 0.04140625 0.04609375
1 0.1828125 0.6078125 0.059375 0.065625
1 0.13046875 0.6171875 0.06328125 0.0640625
1 0.0734375 0.615625 0.0921875 0.084375
1 0.01875 0.62265625 0.0375 0.0828125
1 0.4828125 0.6015625 0.16171875 0.14609375
0 0.6453125 0.58203125 0.01484375 0.053125
0 0.6671875 0.58984375 0.01484375 0.0515625
0 0.7046875 0.58671875 0.01875 0.075
0 0.9203125 0.61484375 0.0203125 0.090625
0 0.246875 0.60078125 0.02890625 0.121875