0 0.30859375 0.41328125 0.03203125 0.1265625
1 0.52890625 0.3984375 0.0234375 0.0375
1 0.5109375 0.39765625 0.02265625 0.034375
1 0.47265625 0.390625 0.01953125 0.04453125
1 0.453125 0.39140625 0.03046875 0.0375
1 0.49140625 0.41640625 0.03828125 0.05859375
1 0.61875 0.44375 0.05390625 0.09453125
1 0.64609375 0.46484375 0.06328125 0.09453125
1 0.7109375 0.48828125 0.11171875 0.14609375
1 0.8421875 0.50703125 0.23046875 0.271875
1 0.9421875 0.55234375 0.11484375 0.33046875
1 0.1421875 0.521875 0.28359375 0.31640625