1 0.215625 0.784375 0.034375 0.02890625
1 0.26015625 0.78671875 0.021875 0.0234375
1 0.5296875 0.803125 0.0296875 0.0609375
1 0.44921875 0.8 0.015625 0.03046875
1 0.4671875 0.79453125 0.02265625 0.0390625
1 0.49375 0.809375 0.04375 0.0734375
1 0.621875 0.84921875 0.14375 0.17109375
1 0.72578125 0.803125 0.0203125 0.0234375
1 0.784375 0.80078125 0.03515625 0.0359375
1 0.83359375 0.803125 0.04921875 0.040625
1 0.87734375 0.8125 0.0359375 0.03046875
1 0.9796875 0.92265625 0.0375 0.1484375
1 0.3171875 0.8 0.0359375 0.04609375