1 0.0640625 0.690625 0.12734375 0.378125
1 0.453125 0.52734375 0.01875 0.0234375
1 0.43359375 0.53203125 0.021875 0.04140625
1 0.41015625 0.54375 0.03515625 0.0625
1 0.3890625 0.559375 0.03359375 0.05546875
1 0.3671875 0.56953125 0.05 0.0734375
1 0.31875 0.584375 0.065625 0.09609375
1 0.2265625 0.609375 0.1375 0.19140625
1 0.47421875 0.534375 0.01484375 0.034375
1 0.4890625 0.546875 0.0140625 0.040625
1 0.5015625 0.55234375 0.0125 0.0359375
1 0.5125 0.5546875 0.0078125 0.034375
1 0.52578125 0.5578125 0.015625 0.046875
1 0.54296875 0.56015625 0.0171875 0.04609375
1 0.5625 0.5609375 0.01953125 0.04296875
1 0.57421875 0.56875 0.021875 0.065625
1 0.596875 0.578125 0.01953125 0.071875
1 0.6265625 0.58203125 0.059375 0.0765625
1 0.72265625 0.5875 0.134375 0.1484375
1 0.8953125 0.64375 0.20625 0.2640625