1 0.6171875 0.453125 0.0203125 0.04453125
1 0.5078125 0.46015625 0.02265625 0.0375
1 0.26640625 0.540625 0.09453125 0.1265625
1 0.1953125 0.54453125 0.08359375 0.13046875
1 0.59453125 0.453125 0.01796875 0.0234375
1 0.640625 0.4546875 0.03671875 0.05390625
1 0.7265625 0.46328125 0.08671875 0.09140625
1 0.56640625 0.45625 0.021875 0.02109375
1 0.53125 0.46328125 0.0265625 0.03046875
1 0.4671875 0.48359375 0.05703125 0.08203125
1 0.3765625 0.53671875 0.12265625 0.15703125
1 0.08359375 0.5828125 0.1671875 0.140625