1 0.571875 0.49140625 0.0359375 0.04453125
1 0.6109375 0.496875 0.03515625 0.0359375
1 0.6515625 0.4984375 0.0375 0.04453125
1 0.703125 0.50078125 0.0515625 0.05546875
1 0.76875 0.5140625 0.06796875 0.06640625
1 0.84765625 0.528125 0.0828125 0.084375
1 0.94453125 0.53515625 0.09609375 0.0875
1 0.5171875 0.490625 0.03203125 0.03046875
1 0.49140625 0.49375 0.0203125 0.028125
1 0.25390625 0.55078125 0.07265625 0.07890625
1 0.07578125 0.59765625 0.1515625 0.18046875
1 0.31875 0.4921875 0.0125 0.025
1 0.3359375 0.49453125 0.01484375 0.02109375
1 0.3546875 0.49375 0.01796875 0.01640625
1 0.38828125 0.49765625 0.03046875 0.025
1 0.45546875 0.496875 0.02265625 0.0234375