1 0.7 0.39765625 0.03046875 0.0484375
1 0.746875 0.4578125 0.08203125 0.15390625
1 0.790625 0.465625 0.09765625 0.17109375
1 0.578125 0.415625 0.0265625 0.0515625
1 0.51875 0.42578125 0.01953125 0.05859375
1 0.49453125 0.425 0.0234375 0.065625
1 0.471875 0.42890625 0.03203125 0.084375
1 0.2640625 0.4796875 0.14140625 0.20859375
1 0.384375 0.4953125 0.1859375 0.22109375
1 0.54375 0.434375 0.0578125 0.0890625
1 0.64296875 0.45390625 0.1328125 0.24609375
1 0.9 0.47265625 0.19921875 0.35859375
1 0.0171875 0.55 0.034375 0.2140625