1 0.409375 0.63984375 0.01484375 0.0125
1 0.39375 0.64609375 0.0171875 0.03359375
1 0.3796875 0.65 0.0328125 0.04140625
1 0.36484375 0.67734375 0.03984375 0.06953125
1 0.34140625 0.68125 0.0515625 0.09296875
1 0.28203125 0.70234375 0.115625 0.190625
1 0.1640625 0.7703125 0.32734375 0.34140625
1 0.41875 0.64296875 0.00546875 0.01640625
1 0.42578125 0.64140625 0.00859375 0.028125
1 0.434375 0.64296875 0.01171875 0.03203125
1 0.4421875 0.64140625 0.01171875 0.03203125
1 0.453125 0.6484375 0.0140625 0.04296875
1 0.4640625 0.6625 0.01015625 0.06640625
1 0.478125 0.6609375 0.02109375 0.0859375
1 0.50703125 0.653125 0.05703125 0.1375
1 0.584375 0.70546875 0.184375 0.25859375
1 0.79453125 0.8078125 0.3796875 0.384375