1 0.00625 0.39140625 0.009375 0.0515625
1 0.0609375 0.359375 0.0859375 0.109375
1 0.128125 0.36328125 0.04453125 0.075
1 0.16875 0.365625 0.03984375 0.07109375
1 0.2015625 0.36171875 0.02890625 0.0625
1 0.23203125 0.3625 0.02890625 0.053125
1 0.2609375 0.36015625 0.0234375 0.04296875
1 0.2890625 0.3578125 0.02734375 0.04453125
1 0.3140625 0.35390625 0.015625 0.0390625
1 0.33828125 0.3515625 0.03046875 0.0375
1 0.35546875 0.353125 0.0171875 0.0265625
1 0.371875 0.34609375 0.01875 0.0265625
1 0.40234375 0.34921875 0.02890625 0.0375
1 0.4375 0.34921875 0.0171875 0.028125
1 0.46953125 0.3453125 0.0234375 0.034375
1 0.4875 0.36484375 0.04140625 0.053125
1 0.57421875 0.42109375 0.1625 0.20390625