1 0.48359375 0.50078125 0.0140625 0.025
1 0.46875 0.509375 0.01640625 0.02890625
1 0.4546875 0.5125 0.0140625 0.0375
1 0.43125 0.521875 0.01015625 0.034375
1 0.4140625 0.534375 0.0234375 0.04140625
1 0.40625 0.540625 0.0171875 0.06796875
1 0.34375 0.540625 0.103125 0.13359375
1 0.1421875 0.634375 0.284375 0.2984375
1 0.49921875 0.5015625 0.0125 0.021875
1 0.51328125 0.509375 0.021875 0.03046875
1 0.53359375 0.51015625 0.01875 0.04140625
1 0.55 0.5265625 0.0171875 0.034375
1 0.5625 0.528125 0.0078125 0.03046875
1 0.5859375 0.546875 0.04765625 0.07109375
1 0.628125 0.56640625 0.0296875 0.10703125
1 0.69921875 0.56875 0.115625 0.18359375
1 0.79609375 0.6 0.07265625 0.18359375
1 0.915625 0.6859375 0.16640625 0.371875
1 0.440625 0.515625 0.0265625 0.0515625