1 0.334375 0.41875 0.02421875 0.040625
1 0.3203125 0.4328125 0.025 0.0390625
1 0.290625 0.4265625 0.03828125 0.0625
1 0.2671875 0.434375 0.046875 0.07109375
1 0.23046875 0.4515625 0.059375 0.0859375
1 0.16171875 0.4640625 0.109375 0.1140625
1 0.08671875 0.49765625 0.07890625 0.13046875
1 0.028125 0.5171875 0.05625 0.15625
1 0.4078125 0.40625 0.01875 0.0265625
1 0.4953125 0.4046875 0.0125 0.0390625
1 0.5109375 0.40703125 0.02109375 0.040625
1 0.528125 0.4140625 0.02734375 0.059375
1 0.53515625 0.415625 0.0265625 0.06796875
1 0.4734375 0.40703125 0.02265625 0.025
1 0.44296875 0.40703125 0.021875 0.028125
1 0.425 0.40859375 0.02421875 0.0265625
1 0.3671875 0.42421875 0.059375 0.071875