0 0.0171875 0.51015625 0.034375 0.071875
1 0.421875 0.5109375 0.0109375 0.01953125
1 0.43125 0.5125 0.01328125 0.0265625
1 0.4390625 0.51484375 0.015625 0.0265625
1 0.44765625 0.515625 0.0171875 0.03359375
1 0.453125 0.52265625 0.01171875 0.03359375
1 0.3640625 0.51015625 0.015625 0.0265625
1 0.35078125 0.5109375 0.02109375 0.028125
1 0.2828125 0.51640625 0.0265625 0.040625
1 0.25625 0.52421875 0.0328125 0.0484375
1 0.21484375 0.521875 0.05703125 0.07890625
1 0.315625 0.51875 0.0484375 0.0609375
1 0.4 0.52109375 0.02734375 0.0375
1 0.47734375 0.51875 0.03984375 0.0609375
1 0.16953125 0.5265625 0.08828125 0.09609375
1 0.5359375 0.521875 0.0171875 0.034375
1 0.94375 0.5671875 0.1109375 0.103125