1 0.078125 0.51640625 0.12578125 0.1109375
1 0.165625 0.51171875 0.06875 0.090625
1 0.253125 0.4953125 0.1125 0.165625
0 0.25625 0.44453125 0.0109375 0.0265625
1 0.23828125 0.44453125 0.0109375 0.021875
1 0.3453125 0.478125 0.03515625 0.04453125
1 0.31953125 0.46953125 0.0234375 0.0390625
1 0.290625 0.46875 0.0234375 0.0484375
1 0.36640625 0.459375 0.0203125 0.03359375
1 0.3875 0.465625 0.01953125 0.03359375
1 0.4171875 0.46953125 0.02734375 0.046875
1 0.4359375 0.45625 0.01796875 0.025
1 0.48046875 0.4734375 0.0453125 0.0765625
1 0.45625 0.4640625 0.025 0.0390625
1 0.79453125 0.51484375 0.4078125 0.66953125
1 0.7140625 0.403125 0.22265625 0.25546875