1 0.49140625 0.61953125 0.015625 0.02890625
1 0.51015625 0.62421875 0.0203125 0.03203125
1 0.5265625 0.62578125 0.0171875 0.03046875
1 0.540625 0.628125 0.03046875 0.0390625
1 0.559375 0.628125 0.03828125 0.046875
1 0.7296875 0.66796875 0.12109375 0.1265625
1 0.91796875 0.74765625 0.1625 0.2984375
1 0.4 0.5828125 0.0390625 0.046875
1 0.36875 0.5859375 0.02109375 0.028125
1 0.3453125 0.5921875 0.02109375 0.021875
1 0.3265625 0.5828125 0.01328125 0.028125
1 0.3125 0.58125 0.02421875 0.0234375
1 0.2859375 0.58046875 0.03046875 0.025
1 0.04765625 0.53671875 0.0953125 0.13203125
1 0.62734375 0.64375 0.034375 0.05546875
1 0.42734375 0.5828125 0.0171875 0.021875