1 0.41875 0.39453125 0.01796875 0.03203125
1 0.53125 0.396875 0.01328125 0.01953125
1 0.54375 0.403125 0.01171875 0.0125
1 0.55390625 0.4046875 0.0140625 0.0234375
1 0.5625 0.409375 0.015625 0.028125
1 0.57421875 0.4171875 0.021875 0.0359375
1 0.5859375 0.425 0.01953125 0.0390625
1 0.59375 0.4359375 0.0265625 0.0515625
1 0.60625 0.44453125 0.02734375 0.06796875
1 0.63125 0.453125 0.06484375 0.084375
1 0.95078125 0.72265625 0.0984375 0.378125
1 0.384375 0.38828125 0.02265625 0.0265625
1 0.3671875 0.38984375 0.02109375 0.01953125
1 0.4015625 0.39296875 0.01953125 0.02109375
1 0.3484375 0.3875 0.02890625 0.03359375