1 0.3328125 0.440625 0.0171875 0.03046875
1 0.3171875 0.44296875 0.021875 0.0390625
1 0.21796875 0.46015625 0.06875 0.07890625
1 0.14453125 0.49453125 0.103125 0.11796875
1 0.45703125 0.41484375 0.009375 0.02109375
1 0.4671875 0.4203125 0.01953125 0.0265625
1 0.48515625 0.425 0.02578125 0.04140625
1 0.50234375 0.4328125 0.04296875 0.05546875
1 0.534375 0.42890625 0.0640625 0.08359375
1 0.5625 0.44765625 0.06328125 0.09140625
1 0.61640625 0.4734375 0.11953125 0.1265625
1 0.3859375 0.42421875 0.01484375 0.021875
1 0.3640625 0.42890625 0.03125 0.03359375
1 0.4234375 0.43515625 0.0640625 0.09140625
1 0.2890625 0.45078125 0.05 0.05546875
1 0.05234375 0.5171875 0.1046875 0.19296875
1 0.83125 0.50859375 0.3359375 0.425