1 0.1546875 0.446875 0.0515625 0.05390625
1 0.275 0.45390625 0.0671875 0.078125
1 0.3125 0.43984375 0.02265625 0.03046875
1 0.340625 0.4390625 0.02109375 0.028125
1 0.3984375 0.43515625 0.0265625 0.034375
1 0.4453125 0.4421875 0.02109375 0.0265625
1 0.45703125 0.4328125 0.0171875 0.01640625
1 0.4671875 0.42734375 0.01171875 0.01953125
1 0.49140625 0.42734375 0.01484375 0.01953125
1 0.47890625 0.4390625 0.01875 0.028125
1 0.425 0.4515625 0.034375 0.0484375
1 0.37578125 0.46484375 0.05546875 0.075
1 0.209375 0.4625 0.084375 0.0984375
1 0.0703125 0.54453125 0.13984375 0.309375