1 0.5125 0.4234375 0.01640625 0.0234375
1 0.503125 0.421875 0.01796875 0.03203125
1 0.49375 0.4234375 0.02421875 0.0390625
1 0.4828125 0.4234375 0.02734375 0.04296875
1 0.471875 0.4234375 0.02734375 0.0484375
1 0.446875 0.42109375 0.04765625 0.071875
1 0.415625 0.43203125 0.040625 0.08046875
1 0.3890625 0.43515625 0.0453125 0.1015625
1 0.36015625 0.44765625 0.0625 0.13046875
1 0.290625 0.4609375 0.11640625 0.171875
1 0.1609375 0.4953125 0.2515625 0.2265625
1 0.5375 0.43359375 0.034375 0.04296875
1 0.5515625 0.440625 0.034375 0.0484375
1 0.590625 0.4625 0.07890625 0.09140625
1 0.70234375 0.509375 0.16796875 0.19296875
1 0.0546875 0.559375 0.10859375 0.271875