0 0.1890625 0.54453125 0.05390625 0.1515625
0 0.23359375 0.54609375 0.07578125 0.1484375
0 0.328125 0.54296875 0.028125 0.078125
0 0.2984375 0.5484375 0.0234375 0.05859375
0 0.2765625 0.54609375 0.0234375 0.0625
0 0.3796875 0.5484375 0.01796875 0.04609375
0 0.3578125 0.55390625 0.01640625 0.03359375
0 0.41796875 0.5640625 0.00859375 0.015625
0 0.52265625 0.59765625 0.04296875 0.1359375
0 0.53046875 0.596875 0.05625 0.1375
0 0.5796875 0.628125 0.015625 0.08203125
0 0.66640625 0.678125 0.0609375 0.3109375
0 0.5984375 0.6234375 0.015625 0.1109375
1 0.7515625 0.61484375 0.0359375 0.04140625
1 0.728125 0.61875 0.0109375 0.03046875
1 0.71640625 0.6078125 0.01484375 0.025
1 0.70625 0.60546875 0.01171875 0.02890625
1 0.3 0.77734375 0.59921875 0.42109375
1 0.85078125 0.7203125 0.2953125 0.559375