0 0.3203125 0.515625 0.02890625 0.13046875
0 0.365625 0.490625 0.01796875 0.090625
0 0.2046875 0.52109375 0.034375 0.1359375
0 0.38203125 0.49140625 0.01328125 0.078125
0 0.3453125 0.490625 0.01640625 0.09453125
0 0.15859375 0.52734375 0.03125 0.1390625
0 0.0515625 0.553125 0.02890625 0.20390625
0 0.0078125 0.471875 0.01328125 0.04296875
0 0.028125 0.475 0.021875 0.0625
0 0.28125 0.48359375 0.01484375 0.04609375
1 0.4765625 0.49140625 0.109375 0.078125
1 0.725 0.584375 0.35 0.540625
1 0.9265625 0.60234375 0.14453125 0.41953125
0 0.0734375 0.50625 0.0125 0.10703125
1 0.1546875 0.5203125 0.13203125 0.0734375