1 0.98203125 0.54765625 0.03203125 0.05546875
1 0.959375 0.5234375 0.05625 0.065625
1 0.925 0.525 0.0640625 0.065625
1 0.88671875 0.521875 0.0546875 0.0640625
1 0.853125 0.51015625 0.0546875 0.05390625
1 0.84296875 0.496875 0.0796875 0.0515625
1 0.2828125 0.4828125 0.05546875 0.046875
1 0.325 0.4859375 0.03125 0.02890625
1 0.30859375 0.46484375 0.03671875 0.034375
1 0.6109375 0.55546875 0.1546875 0.24453125
1 0.6875 0.51015625 0.05234375 0.1234375
1 0.50703125 0.5015625 0.0421875 0.05703125
1 0.465625 0.49609375 0.04375 0.065625
1 0.7265625 0.49296875 0.03046875 0.05703125
0 0.76875 0.515625 0.0109375 0.05