0 0.40390625 0.48046875 0.0140625 0.03359375
0 0.3859375 0.47890625 0.009375 0.02890625
0 0.35 0.5078125 0.01171875 0.0734375
0 0.39296875 0.5140625 0.0140625 0.0859375
0 0.7359375 0.46484375 0.01171875 0.084375
0 0.728125 0.46953125 0.009375 0.0859375
0 0.828125 0.540625 0.0484375 0.265625
0 0.984375 0.48828125 0.02890625 0.21640625
1 0.5015625 0.48828125 0.01640625 0.0359375
1 0.4890625 0.49140625 0.01640625 0.05
1 0.4703125 0.4921875 0.03359375 0.059375
1 0.625 0.478125 0.01875 0.05546875
1 0.45546875 0.5109375 0.0546875 0.08203125
1 0.653125 0.484375 0.0546875 0.07109375
1 0.56171875 0.50390625 0.07890625 0.10859375