1 0.06875 0.578125 0.12734375 0.08359375
1 0.20390625 0.56640625 0.071875 0.0890625
1 0.2796875 0.5640625 0.08203125 0.09453125
1 0.6390625 0.534375 0.1375 0.14140625
1 0.44296875 0.54375 0.04296875 0.05859375
1 0.5234375 0.534375 0.0421875 0.0609375
1 0.74765625 0.52734375 0.0609375 0.05390625
1 0.8703125 0.515625 0.0859375 0.065625
1 0.41015625 0.54296875 0.02109375 0.0390625
1 0.1515625 0.57265625 0.0328125 0.0625
1 0.21328125 0.71875 0.01015625 0.00703125
1 0.5609375 0.53515625 0.02890625 0.046875
1 0.975 0.50859375 0.0484375 0.0890625