1 0.496875 0.58203125 0.01171875 0.01796875
1 0.48359375 0.57890625 0.01015625 0.009375
1 0.465625 0.58125 0.0109375 0.01640625
1 0.453125 0.57421875 0.00703125 0.0125
1 0.440625 0.575 0.01328125 0.0140625
1 0.42578125 0.575 0.015625 0.01953125
1 0.4140625 0.57890625 0.01015625 0.0125
1 0.403125 0.57734375 0.01171875 0.0125
1 0.38125 0.578125 0.01328125 0.01640625
1 0.3640625 0.578125 0.01328125 0.0234375
1 0.3484375 0.57578125 0.01875 0.02890625
1 0.32578125 0.57578125 0.028125 0.03203125
1 0.59375 0.59140625 0.03046875 0.04296875
1 0.68671875 0.6140625 0.05 0.0609375
1 0.55703125 0.584375 0.01875 0.02109375
1 0.5328125 0.57578125 0.01328125 0.01796875
1 0.6484375 0.5921875 0.03046875 0.040625
1 0.1109375 0.578125 0.0921875 0.06640625
1 0.51875 0.5734375 0.009375 0.015625