1 0.2796875 0.51953125 0.0171875 0.028125
1 0.409375 0.51171875 0.01953125 0.021875
1 0.3609375 0.52734375 0.01015625 0.046875
1 0.53046875 0.56328125 0.0578125 0.09453125
1 0.3234375 0.53515625 0.07109375 0.10390625
1 0.4546875 0.628125 0.175 0.234375
1 0.2578125 0.528125 0.0484375 0.059375
1 0.1296875 0.515625 0.121875 0.12890625
0 0.76328125 0.59453125 0.03359375 0.12890625
0 0.7328125 0.58671875 0.03046875 0.134375
0 0.7125 0.58359375 0.0265625 0.171875
0 0.6625 0.57578125 0.028125 0.14140625