1 0.4921875 0.33828125 0.01484375 0.0234375
1 0.475 0.34375 0.015625 0.02890625
1 0.559375 0.340625 0.03125 0.0640625
1 0.6921875 0.33671875 0.04609375 0.0609375
1 0.4296875 0.378125 0.05234375 0.078125
1 0.4015625 0.39765625 0.07109375 0.0984375
1 0.309375 0.43359375 0.18359375 0.21640625
1 0.146875 0.5375 0.29375 0.546875
1 0.2 0.35703125 0.03125 0.03046875
0 0.228125 0.35625 0.0109375 0.0265625
0 0.76484375 0.321875 0.01875 0.09609375
0 0.8328125 0.31171875 0.05 0.153125
0 0.79375 0.315625 0.03046875 0.1234375
0 0.6828125 0.33515625 0.0078125 0.0359375
1 0.52578125 0.35625 0.0671875 0.1265625
1 0.621875 0.36484375 0.121875 0.1984375