1 0.0625 0.34375 0.0328125 0.04609375
1 0.09375 0.34296875 0.021875 0.034375
1 0.1125 0.34609375 0.01875 0.03203125
1 0.21171875 0.33203125 0.0375 0.021875
1 0.49375 0.34921875 0.02421875 0.028125
1 0.5140625 0.35859375 0.03046875 0.034375
1 0.55625 0.38828125 0.0671875 0.096875
1 0.571875 0.33125 0.02578125 0.0234375
1 0.215625 0.3578125 0.046875 0.0359375
1 0.303125 0.38046875 0.0609375 0.084375
1 0.4421875 0.35546875 0.0296875 0.04296875
1 0.4125 0.3453125 0.02890625 0.0484375
1 0.5 0.49296875 0.17421875 0.24296875
1 0.0390625 0.346875 0.0328125 0.0375
1 0.1546875 0.32890625 0.03828125 0.028125
1 0.534375 0.315625 0.0109375 0.015625
1 0.546875 0.315625 0.00859375 0.015625