1 0.615625 0.6203125 0.06171875 0.09609375
1 0.51015625 0.66484375 0.16640625 0.296875
1 0.696875 0.6515625 0.11171875 0.159375
1 0.2828125 0.68359375 0.19296875 0.29609375
0 0.15859375 0.65 0.03984375 0.10703125
0 0.04921875 0.62890625 0.03203125 0.1
0 0.79375 0.6296875 0.03828125 0.11640625
0 0.91484375 0.628125 0.0265625 0.10546875
0 0.95234375 0.63671875 0.025 0.1125
0 0.353125 0.5875 0.01328125 0.0375
0 0.3671875 0.5921875 0.0125 0.0484375
0 0.384375 0.59609375 0.0078125 0.0484375
0 0.3984375 0.59375 0.01484375 0.05
0 0.4109375 0.5921875 0.009375 0.0484375