0 0.00625 0.453125 0.01171875 0.09453125
0 0.021875 0.459375 0.021875 0.1015625
0 0.0328125 0.4609375 0.01953125 0.096875
0 0.23125 0.4640625 0.0296875 0.15703125
0 0.40625 0.48984375 0.02734375 0.17890625
0 0.465625 0.478125 0.01640625 0.18203125
0 0.43203125 0.503125 0.07578125 0.29296875
0 0.30703125 0.49375 0.078125 0.328125
0 0.3453125 0.4796875 0.11015625 0.55546875
0 0.4765625 0.48515625 0.0296875 0.21640625
0 0.5046875 0.49921875 0.02265625 0.16640625
0 0.52890625 0.49609375 0.021875 0.159375
0 0.57578125 0.484375 0.0171875 0.1359375
0 0.5890625 0.48125 0.025 0.1515625
0 0.5921875 0.490625 0.02265625 0.1609375
0 0.5515625 0.49609375 0.02734375 0.17890625
0 0.6703125 0.48359375 0.021875 0.1390625
0 0.63125 0.496875 0.02734375 0.153125
0 0.7640625 0.475 0.02265625 0.1140625
0 0.95625 0.49140625 0.0375 0.146875
1 0.87578125 0.45 0.059375 0.08359375
1 0.78359375 0.446875 0.01953125 0.02890625
1 0.8125 0.465625 0.0546875 0.059375
1 0.9046875 0.465625 0.05625 0.0640625
0 0.15078125 0.50078125 0.121875 0.553125
1 0.715625 0.49375 0.06796875 0.09453125
0 0.984375 0.45078125 0.021875 0.0484375