1 0.6203125 0.4890625 0.01328125 0.01640625
1 0.6359375 0.503125 0.0203125 0.028125
1 0.65390625 0.5 0.02109375 0.03359375
1 0.67265625 0.496875 0.0234375 0.0234375
1 0.6828125 0.51015625 0.0203125 0.0359375
1 0.703125 0.5078125 0.034375 0.04453125
1 0.5390625 0.4921875 0.01484375 0.028125
1 0.5234375 0.48984375 0.01875 0.02890625
1 0.4765625 0.4890625 0.01875 0.028125
1 0.5015625 0.490625 0.0234375 0.03046875
1 0.57578125 0.528125 0.0828125 0.1140625
1 0.8859375 0.55859375 0.22734375 0.54453125