1 0.49296875 0.39140625 0.00546875 0.01953125
1 0.56484375 0.4109375 0.00625 0.021875
1 0.5390625 0.4140625 0.009375 0.02109375
1 0.484375 0.39296875 0.0078125 0.02109375
1 0.471875 0.39296875 0.01171875 0.02109375
1 0.4296875 0.42109375 0.025 0.040625
1 0.31875 0.4359375 0.04609375 0.0609375
1 0.65703125 0.434375 0.06484375 0.071875
1 0.8546875 0.4671875 0.17421875 0.146875
1 0.9703125 0.48359375 0.05703125 0.14609375
1 0.39765625 0.43046875 0.01796875 0.03046875
1 0.375 0.43046875 0.0234375 0.0375
1 0.240625 0.42890625 0.06640625 0.025
1 0.5078125 0.40078125 0.0125 0.021875
1 0.5296875 0.41328125 0.009375 0.02109375
1 0.4671875 0.409375 0.02109375 0.028125
0 0.353125 0.4359375 0.0078125 0.05703125
0 0.73828125 0.43203125 0.01171875 0.07109375
0 0.7484375 0.41875 0.0078125 0.05859375
1 0.1984375 0.4609375 0.0359375 0.04453125
1 0.521875 0.403125 0.0078125 0.0234375