1 0.45859375 0.4671875 0.01328125 0.01640625
1 0.4734375 0.45859375 0.015625 0.02109375
1 0.4953125 0.440625 0.015625 0.04453125
1 0.51640625 0.44921875 0.03515625 0.0609375
1 0.5453125 0.453125 0.021875 0.03046875
1 0.5671875 0.4484375 0.0265625 0.0484375
1 0.6015625 0.44765625 0.04921875 0.059375
1 0.653125 0.45546875 0.06953125 0.07109375
1 0.7765625 0.459375 0.1453125 0.15546875
1 0.89609375 0.49140625 0.2078125 0.1984375
1 0.05234375 0.4921875 0.05390625 0.0484375
1 0.1015625 0.484375 0.03828125 0.0375