1 0.98515625 0.55625 0.028125 0.19609375
1 0.0125 0.54375 0.0234375 0.04609375
1 0.0296875 0.5375 0.034375 0.053125
1 0.053125 0.53125 0.01875 0.0265625
1 0.0625 0.51796875 0.02578125 0.04296875
1 0.084375 0.521875 0.021875 0.04140625
1 0.10390625 0.51796875 0.0203125 0.04296875
1 0.1359375 0.584375 0.0765625 0.12109375
1 0.590625 0.5453125 0.1328125 0.14609375
1 0.153125 0.53515625 0.0640625 0.06796875
1 0.16953125 0.51640625 0.04765625 0.0515625
1 0.66796875 0.53046875 0.053125 0.09140625
1 0.696875 0.515625 0.04921875 0.078125
1 0.7265625 0.50859375 0.034375 0.078125
1 0.7484375 0.50859375 0.03671875 0.05859375
1 0.77265625 0.5015625 0.02734375 0.05859375
1 0.796875 0.496875 0.03125 0.04296875
1 0.815625 0.48671875 0.0234375 0.0484375
1 0.884375 0.49765625 0.0546875 0.090625
1 0.940625 0.5171875 0.0328125 0.1109375
1 0.9234375 0.5 0.01953125 0.05546875
1 0.96796875 0.53671875 0.0421875 0.12890625
1 0.8453125 0.49453125 0.03515625 0.0375