1 0.3265625 0.503125 0.0125 0.025
1 0.3390625 0.4953125 0.01171875 0.021875
1 0.3484375 0.50078125 0.01640625 0.0265625
1 0.36015625 0.50390625 0.02265625 0.03359375
1 0.0390625 0.47734375 0.078125 0.1234375
1 0.26171875 0.54765625 0.13671875 0.1859375
1 0.3734375 0.525 0.04140625 0.04296875
0 0.665625 0.65 0.0640625 0.375
1 0.7296875 0.55546875 0.05703125 0.06640625
1 0.8390625 0.57265625 0.11171875 0.05859375
1 0.9921875 0.634375 0.01484375 0.1015625
0 0.5125 0.52109375 0.0125 0.0609375
0 0.46484375 0.51484375 0.0109375 0.059375