1 0.334375 0.73203125 0.01484375 0.0265625
1 0.321875 0.73515625 0.01640625 0.03203125
1 0.30625 0.7328125 0.02109375 0.040625
1 0.2859375 0.7359375 0.0234375 0.04609375
1 0.26875 0.73671875 0.0265625 0.046875
1 0.2515625 0.7421875 0.0328125 0.05546875
1 0.203125 0.7359375 0.0578125 0.0859375
1 0.1625 0.7515625 0.05546875 0.0890625
1 0.11171875 0.75 0.06171875 0.10703125
1 0.04375 0.728125 0.0875 0.1734375
1 0.4390625 0.7359375 0.01640625 0.03046875
1 0.44765625 0.74140625 0.01484375 0.034375
1 0.4578125 0.74140625 0.015625 0.04140625
1 0.465625 0.75078125 0.01796875 0.04140625
1 0.475 0.759375 0.01875 0.0375
1 0.49375 0.75390625 0.03359375 0.05859375
1 0.5015625 0.765625 0.0296875 0.0609375
1 0.5515625 0.76796875 0.08203125 0.109375