1 0.5015625 0.51875 0.0171875 0.0265625
1 0.415625 0.53984375 0.04765625 0.04453125
1 0.5296875 0.53359375 0.0265625 0.034375
1 0.540625 0.52890625 0.0140625 0.03203125
1 0.56171875 0.52734375 0.015625 0.02890625
1 0.3671875 0.54765625 0.0328125 0.0484375
1 0.315625 0.54375 0.07421875 0.06953125
1 0.18203125 0.56875 0.12109375 0.10390625
1 0.075 0.55859375 0.15 0.14140625
1 0.5765625 0.53046875 0.028125 0.03046875
0 0.5921875 0.525 0.0109375 0.04453125
1 0.64609375 0.546875 0.0390625 0.0375
1 0.70625 0.55 0.0921875 0.12890625