1 0.0921875 0.68515625 0.18125 0.26796875
1 0.9125 0.7328125 0.1734375 0.35390625
1 0.753125 0.63515625 0.15859375 0.20703125
1 0.6640625 0.58984375 0.0828125 0.128125
1 0.625 0.58515625 0.05 0.1015625
1 0.5921875 0.578125 0.065625 0.0765625
1 0.5640625 0.56484375 0.034375 0.0375
1 0.5375 0.553125 0.01328125 0.0125
1 0.47578125 0.55546875 0.01875 0.02890625
1 0.45625 0.55703125 0.021875 0.0390625
1 0.4453125 0.5625 0.02265625 0.04609375
1 0.428125 0.56875 0.02421875 0.04453125
1 0.3984375 0.57734375 0.053125 0.059375
1 0.3109375 0.60078125 0.1125 0.11640625
1 0.509375 0.553125 0.01484375 0.01796875
1 0.49296875 0.55390625 0.01015625 0.015625