1 0.4625 0.51171875 0.01171875 0.02109375
1 0.4515625 0.51640625 0.0140625 0.02109375
1 0.440625 0.51953125 0.01171875 0.021875
1 0.4265625 0.515625 0.02109375 0.034375
1 0.409375 0.52421875 0.02734375 0.03359375
1 0.3828125 0.52734375 0.0296875 0.04296875
1 0.4984375 0.5109375 0.00703125 0.009375
1 0.5046875 0.51484375 0.00625 0.0125
1 0.5140625 0.51796875 0.0140625 0.021875
1 0.52265625 0.521875 0.01015625 0.025
1 0.5296875 0.52265625 0.0125 0.03203125
1 0.5375 0.52578125 0.01328125 0.034375
1 0.54921875 0.5265625 0.0171875 0.040625
1 0.56875 0.5375 0.02734375 0.05703125
1 0.584375 0.5453125 0.03203125 0.07109375
1 0.6203125 0.55390625 0.0765625 0.1015625
1 0.33671875 0.5328125 0.06484375 0.07890625
1 0.48984375 0.509375 0.0109375 0.0125
1 0.4765625 0.51328125 0.01484375 0.021875
1 0.259375 0.52890625 0.02578125 0.040625