1 0.640625 0.46171875 0.00859375 0.009375
1 0.628125 0.4640625 0.009375 0.009375
1 0.61875 0.465625 0.00859375 0.009375
1 0.6703125 0.471875 0.0078125 0.02890625
1 0.65625 0.459375 0.015625 0.015625
1 0.5796875 0.478125 0.015625 0.0140625
1 0.5609375 0.48125 0.0125 0.01640625
1 0.5421875 0.484375 0.01796875 0.01640625
1 0.5109375 0.496875 0.01640625 0.015625
1 0.4921875 0.50234375 0.01875 0.015625
1 0.43125 0.51328125 0.02265625 0.0234375
1 0.296875 0.553125 0.0515625 0.0609375
1 0.175 0.57265625 0.0640625 0.08203125
1 0.228125 0.565625 0.078125 0.07890625
1 0.6890625 0.4734375 0.03671875 0.05
1 0.3546875 0.5390625 0.0515625 0.053125