0 0.9703125 0.51171875 0.05703125 0.40859375
0 0.890625 0.540625 0.08671875 0.40859375
1 0.2421875 0.49296875 0.03046875 0.0375
1 0.2984375 0.49140625 0.03984375 0.046875
1 0.34296875 0.478125 0.0265625 0.04140625
1 0.3234375 0.48046875 0.01953125 0.02890625
1 0.3625 0.4765625 0.009375 0.03359375
1 0.68515625 0.46640625 0.05625 0.09296875
1 0.7609375 0.47890625 0.09140625 0.10546875
1 0.8421875 0.46171875 0.04140625 0.05859375
1 0.86796875 0.4640625 0.0140625 0.04609375
1 0.565625 0.5390625 0.2515625 0.3125
1 0.43828125 0.4828125 0.05390625 0.125