1 0.425 0.4390625 0.0140625 0.01953125
1 0.403125 0.440625 0.01796875 0.01953125
1 0.3859375 0.44453125 0.01640625 0.0390625
1 0.36875 0.446875 0.025 0.046875
1 0.3546875 0.45234375 0.015625 0.04140625
1 0.3375 0.45390625 0.02578125 0.05546875
1 0.30625 0.46328125 0.0640625 0.071875
1 0.45 0.43515625 0.0140625 0.02109375
1 0.484375 0.45546875 0.03984375 0.053125
0 0.1453125 0.4734375 0.015625 0.0765625
0 0.62421875 0.459375 0.015625 0.084375
0 0.6 0.46484375 0.01875 0.09140625
0 0.546875 0.44609375 0.01640625 0.05859375
0 0.88203125 0.50390625 0.07265625 0.2375
0 0.740625 0.48671875 0.003125 0.040625
0 0.74609375 0.49140625 0.015625 0.06640625
0 0.68671875 0.49453125 0.00859375 0.040625
0 0.703125 0.49140625 0.00703125 0.05546875
0 0.715625 0.4890625 0.00546875 0.0515625