1 0.5 0.51171875 0.0265625 0.02890625
1 0.47578125 0.50625 0.021875 0.028125
1 0.4484375 0.50625 0.03203125 0.0484375
1 0.43046875 0.50234375 0.01640625 0.028125
1 0.40703125 0.50546875 0.03984375 0.046875
1 0.375 0.49375 0.0265625 0.04453125
1 0.3484375 0.5140625 0.046875 0.04296875
1 0.51953125 0.51171875 0.01328125 0.025
1 0.5390625 0.51171875 0.02265625 0.04296875
1 0.565625 0.515625 0.0203125 0.03046875
1 0.16953125 0.52578125 0.065625 0.07109375
1 0.09140625 0.52578125 0.09921875 0.08359375
1 0.02734375 0.53203125 0.0546875 0.1
1 0.72734375 0.53203125 0.07578125 0.09609375
1 0.7828125 0.565625 0.1125 0.13046875
1 0.9109375 0.58125 0.1765625 0.25390625
1 0.628125 0.53125 0.125 0.2