1 0.0734375 0.31171875 0.14609375 0.2
1 0.1765625 0.309375 0.065625 0.10859375
1 0.21796875 0.30078125 0.07578125 0.0890625
1 0.26875 0.284375 0.06953125 0.084375
1 0.328125 0.278125 0.05 0.040625
1 0.91875 0.4109375 0.159375 0.21796875
1 0.8234375 0.365625 0.1640625 0.18359375
1 0.73046875 0.315625 0.14375 0.15546875
1 0.63203125 0.30703125 0.07109375 0.071875
1 0.57890625 0.2859375 0.05390625 0.06796875
1 0.5515625 0.27578125 0.028125 0.059375
1 0.4734375 0.271875 0.02578125 0.0375
1 0.44765625 0.2828125 0.0375 0.05859375
1 0.4265625 0.2609375 0.01640625 0.0265625
1 0.3890625 0.2640625 0.0359375 0.02890625
0 0.5078125 0.25703125 0.0078125 0.03359375
0 0.625 0.25703125 0.01484375 0.0265625
1 0.4109375 0.2640625 0.0140625 0.0265625