1 0.06875 0.73515625 0.13671875 0.29609375
1 0.1640625 0.66484375 0.090625 0.159375
1 0.365625 0.6546875 0.05546875 0.053125
1 0.4203125 0.64765625 0.05546875 0.05546875
1 0.4609375 0.621875 0.01796875 0.0265625
1 0.4828125 0.621875 0.0265625 0.0265625
1 0.503125 0.615625 0.009375 0.015625
1 0.51484375 0.6140625 0.01015625 0.01796875
1 0.528125 0.6171875 0.01484375 0.01796875
1 0.54375 0.6234375 0.0140625 0.021875
1 0.571875 0.6234375 0.0234375 0.03046875
1 0.59921875 0.6375 0.03125 0.05
1 0.6328125 0.63046875 0.03984375 0.07109375
1 0.3125 0.66015625 0.0546875 0.0640625