0 0.2921875 0.6578125 0.02109375 0.08203125
0 0.9625 0.646875 0.01640625 0.0609375
0 0.94296875 0.64453125 0.02109375 0.07109375
0 0.925 0.646875 0.01484375 0.05546875
0 0.8671875 0.640625 0.01796875 0.0640625
0 0.84375 0.64140625 0.01015625 0.08203125
0 0.8421875 0.64453125 0.01328125 0.08203125
0 0.8546875 0.63671875 0.01484375 0.0875
0 0.83203125 0.64453125 0.01640625 0.07109375
0 0.8171875 0.63828125 0.01171875 0.0640625
0 0.7234375 0.63671875 0.02265625 0.09296875
0 0.69609375 0.63671875 0.01953125 0.10859375
0 0.67890625 0.63671875 0.01796875 0.0875
0 0.659375 0.6328125 0.01796875 0.09609375
0 0.76328125 0.64609375 0.01640625 0.1
0 0.2671875 0.68515625 0.01953125 0.121875
0 0.228125 0.675 0.02109375 0.121875
0 0.19375 0.66953125 0.0265625 0.13203125
0 0.175 0.66953125 0.02265625 0.13203125
0 0.075 0.71875 0.0359375 0.23046875
0 0.040625 0.7359375 0.0375 0.25390625
0 0.0140625 0.73046875 0.028125 0.275
1 0.58828125 0.63671875 0.0234375 0.02890625
1 0.6109375 0.64609375 0.03125 0.03203125
1 0.52265625 0.6578125 0.07109375 0.1359375
1 0.4015625 0.78359375 0.284375 0.43203125