1 0.8765625 0.65234375 0.24609375 0.4125
1 0.05078125 0.50859375 0.09765625 0.23046875
1 0.73515625 0.553125 0.153125 0.16953125
1 0.66015625 0.509375 0.10078125 0.15
1 0.6203125 0.49453125 0.04921875 0.1
1 0.58125 0.48203125 0.07265625 0.1140625
1 0.53984375 0.4671875 0.03828125 0.0515625
1 0.521875 0.47109375 0.0234375 0.01953125
1 0.50625 0.4609375 0.0203125 0.03359375
1 0.49375 0.45625 0.01640625 0.03359375
1 0.38359375 0.45546875 0.0234375 0.0265625
1 0.3515625 0.465625 0.0234375 0.05859375
1 0.325 0.46484375 0.0359375 0.075
1 0.290625 0.4703125 0.03984375 0.09453125
1 0.209375 0.4828125 0.121875 0.12890625
1 0.3984375 0.45703125 0.01484375 0.01640625
1 0.409375 0.45 0.009375 0.0265625
1 0.421875 0.446875 0.009375 0.0265625
1 0.48046875 0.45 0.0125 0.0265625
1 0.45390625 0.4515625 0.0109375 0.0140625
1 0.3640625 0.46015625 0.0171875 0.04609375