1 0.17734375 0.6546875 0.1546875 0.15390625
1 0.46015625 0.65546875 0.12109375 0.15703125
1 0.3140625 0.628125 0.078125 0.10546875
1 0.0578125 0.653125 0.1140625 0.14453125
1 0.39375 0.64140625 0.04609375 0.0859375
0 0.621875 0.64765625 0.01796875 0.090625
0 0.6859375 0.61796875 0.01484375 0.0515625
0 0.86796875 0.6171875 0.01484375 0.05859375
0 0.88125 0.61484375 0.02265625 0.05
0 0.59375 0.63515625 0.01171875 0.059375
0 0.584375 0.61484375 0.00703125 0.0234375
1 0.265625 0.62734375 0.0171875 0.04296875