1 0.42421875 0.45234375 0.0171875 0.01640625
1 0.4390625 0.45078125 0.01484375 0.028125
1 0.453125 0.459375 0.0171875 0.0234375
1 0.4671875 0.465625 0.0203125 0.028125
1 0.48125 0.46953125 0.015625 0.028125
1 0.4953125 0.47578125 0.015625 0.0359375
1 0.51328125 0.47890625 0.02265625 0.03359375
1 0.5234375 0.49453125 0.02421875 0.05
1 0.565625 0.49765625 0.06953125 0.09140625
1 0.3875 0.446875 0.00859375 0.01953125
1 0.37421875 0.45546875 0.01171875 0.034375
1 0.3609375 0.4546875 0.01953125 0.040625
1 0.334375 0.4578125 0.0359375 0.04140625
1 0.296875 0.45703125 0.034375 0.0640625
1 0.2609375 0.4625 0.04296875 0.06953125
1 0.20625 0.475 0.07421875 0.10390625
1 0.0875 0.4796875 0.1734375 0.2015625
1 0.6671875 0.5453125 0.17578125 0.203125
1 0.39921875 0.4578125 0.0265625 0.03046875