1 0.55703125 0.565625 0.01640625 0.0609375
1 0.5734375 0.56328125 0.0203125 0.065625
1 0.57890625 0.565625 0.021875 0.0609375
1 0.603125 0.57578125 0.0375 0.096875
1 0.61171875 0.578125 0.02265625 0.09609375
1 0.6328125 0.590625 0.04375 0.134375
1 0.6796875 0.6 0.1 0.17109375
1 0.8421875 0.678125 0.29453125 0.3265625
1 0.96953125 0.81875 0.05859375 0.2359375
1 0.3984375 0.5890625 0.05390625 0.075
1 0.303125 0.57109375 0.2234375 0.1484375
1 0.2453125 0.5578125 0.228125 0.078125
1 0.2734375 0.6125 0.22578125 0.159375
1 0.20078125 0.61875 0.27890625 0.175
1 0.140625 0.6609375 0.28125 0.259375
1 0.04375 0.734375 0.08515625 0.26953125
1 0.48125 0.61640625 0.1328125 0.19609375