0 0.596875 0.38828125 0.01484375 0.071875
0 0.5859375 0.3953125 0.015625 0.08203125
1 0.3546875 0.38984375 0.0171875 0.0375
1 0.34375 0.39453125 0.01484375 0.046875
1 0.33125 0.39765625 0.0234375 0.0484375
1 0.4625 0.390625 0.01328125 0.03046875
1 0.4703125 0.390625 0.01328125 0.0265625
1 0.47890625 0.3953125 0.01328125 0.03046875
1 0.7421875 0.428125 0.1671875 0.1015625
1 0.15703125 0.40546875 0.1265625 0.09140625
1 0.08203125 0.384375 0.06328125 0.065625
1 0.409375 0.38984375 0.01171875 0.0234375
1 0.4171875 0.390625 0.01171875 0.02109375
1 0.4390625 0.390625 0.01328125 0.02109375
1 0.496875 0.39453125 0.03203125 0.046875
1 0.3015625 0.3984375 0.0515625 0.065625
1 0.0484375 0.446875 0.096875 0.184375
1 0.88671875 0.43515625 0.09921875 0.078125