1 0.44453125 0.61875 0.01171875 0.015625
1 0.4296875 0.6140625 0.01796875 0.03046875
1 0.409375 0.6171875 0.015625 0.0234375
1 0.396875 0.615625 0.0109375 0.0265625
1 0.3875 0.61640625 0.0171875 0.0359375
1 0.378125 0.61953125 0.021875 0.046875
1 0.3578125 0.6234375 0.03515625 0.071875
1 0.346875 0.63671875 0.03203125 0.06796875
1 0.32421875 0.6375 0.040625 0.09140625
1 0.265625 0.65546875 0.1171875 0.1515625
1 0.4890625 0.61875 0.046875 0.065625
1 0.86796875 0.671875 0.2625 0.2109375
0 0.165625 0.63515625 0.01953125 0.1
0 0.1390625 0.6328125 0.028125 0.115625
0 0.5859375 0.6078125 0.009375 0.040625
0 0.71640625 0.61015625 0.0171875 0.065625
0 0.5609375 0.609375 0.009375 0.03203125
0 0.553125 0.60625 0.00703125 0.034375