0 0.6375 0.5328125 0.01953125 0.11640625
0 0.87265625 0.503125 0.03359375 0.12890625
0 0.8390625 0.55625 0.03828125 0.196875
0 0.93671875 0.56875 0.02890625 0.2234375
0 0.91796875 0.5578125 0.03203125 0.20546875
0 0.9625 0.5828125 0.046875 0.2765625
0 0.58828125 0.496875 0.00859375 0.046875
0 0.8875 0.578125 0.0359375 0.21953125
0 0.1359375 0.434375 0.01796875 0.06640625
1 0.2296875 0.528125 0.19296875 0.2640625
1 0.4484375 0.640625 0.30390625 0.4859375
1 0.1046875 0.7140625 0.209375 0.553125
0 0.6890625 0.5 0.01015625 0.03359375