1 0.46484375 0.5546875 0.01171875 0.01640625
1 0.4546875 0.55234375 0.01328125 0.01953125
1 0.4421875 0.55078125 0.015625 0.021875
1 0.4328125 0.5515625 0.02109375 0.028125
1 0.4140625 0.55234375 0.0171875 0.02890625
1 0.4015625 0.55390625 0.0203125 0.0265625
1 0.38515625 0.55703125 0.0171875 0.0234375
1 0.3765625 0.565625 0.02734375 0.04140625
1 0.3546875 0.565625 0.03515625 0.05546875
1 0.33046875 0.565625 0.02734375 0.05703125
1 0.3046875 0.5625 0.0328125 0.05703125
1 0.28125 0.56953125 0.04453125 0.05703125
1 0.24765625 0.5640625 0.02890625 0.0515625
1 0.21640625 0.559375 0.03125 0.04296875
1 0.18828125 0.55859375 0.0390625 0.04140625
1 0.54453125 0.55546875 0.0984375 0.07109375