1 0.359375 0.40859375 0.01484375 0.03046875
1 0.3484375 0.41640625 0.01875 0.03359375
1 0.34140625 0.4234375 0.02265625 0.04140625
1 0.3296875 0.43046875 0.02109375 0.04140625
1 0.315625 0.446875 0.0328125 0.046875
1 0.296875 0.4671875 0.0375 0.05390625
1 0.43125 0.42734375 0.0171875 0.03046875
1 0.43828125 0.440625 0.0234375 0.034375
1 0.446875 0.4625 0.0265625 0.0359375
1 0.4609375 0.48203125 0.03046875 0.065625
1 0.26640625 0.5109375 0.06328125 0.08203125
1 0.4765625 0.509375 0.0453125 0.0609375
1 0.7625 0.6234375 0.30703125 0.32109375