0 0.00546875 0.425 0.0109375 0.096875
1 0.02265625 0.51953125 0.0453125 0.11796875
0 0.153125 0.43046875 0.01484375 0.0875
1 0.365625 0.428125 0.0203125 0.0375
1 0.34921875 0.42734375 0.0265625 0.04453125
1 0.3328125 0.43125 0.02421875 0.040625
1 0.3046875 0.425 0.04609375 0.06640625
1 0.2859375 0.44140625 0.04765625 0.071875
1 0.2609375 0.44921875 0.03984375 0.0765625
1 0.6453125 0.4515625 0.028125 0.03359375
1 0.66484375 0.46015625 0.02578125 0.04453125
1 0.6890625 0.459375 0.040625 0.078125
1 0.7171875 0.46015625 0.04375 0.08359375
1 0.76640625 0.46171875 0.10859375 0.103125
1 0.8578125 0.4859375 0.15234375 0.1484375
1 0.940625 0.521875 0.11328125 0.178125
1 0.4640625 0.43046875 0.01015625 0.0140625
1 0.48203125 0.4296875 0.0109375 0.01640625
1 0.22890625 0.45 0.090625 0.0875
1 0.5203125 0.4328125 0.01484375 0.01640625
1 0.5015625 0.4296875 0.009375 0.01796875
1 0.3890625 0.42265625 0.03125 0.03203125
1 0.428125 0.42109375 0.0171875 0.021875
1 0.4546875 0.43046875 0.009375 0.01796875
1 0.44375 0.428125 0.01328125 0.01953125