1 0.05625 0.4921875 0.1125 0.19375
1 0.146875 0.49296875 0.06640625 0.0625
1 0.53359375 0.48671875 0.021875 0.040625
1 0.5140625 0.4796875 0.0125 0.0234375
1 0.503125 0.48203125 0.015625 0.03203125
1 0.4875 0.48984375 0.02734375 0.0640625
1 0.3703125 0.47890625 0.02109375 0.0265625
1 0.35546875 0.4828125 0.0109375 0.025
1 0.3453125 0.48125 0.0125 0.03046875
1 0.33125 0.48359375 0.01796875 0.03203125
1 0.31640625 0.48125 0.01875 0.03359375
1 0.2890625 0.4875 0.0390625 0.040625
1 0.44375 0.50390625 0.07109375 0.1125
1 0.5828125 0.5234375 0.11015625 0.1734375
0 0.22265625 0.4703125 0.01015625 0.05859375