1 0.553125 0.42109375 0.0203125 0.03046875
1 0.5921875 0.421875 0.02578125 0.03203125
1 0.659375 0.421875 0.028125 0.034375
1 0.71640625 0.42109375 0.040625 0.04296875
1 0.83125 0.41796875 0.03671875 0.05390625
1 0.390625 0.415625 0.03359375 0.0640625
1 0.34765625 0.428125 0.0859375 0.09453125
1 0.4734375 0.41015625 0.134375 0.275
1 0.790625 0.42734375 0.04765625 0.04453125
1 0.9703125 0.4328125 0.059375 0.059375
1 0.640625 0.415625 0.01640625 0.03359375
1 0.746875 0.4296875 0.02421875 0.040625
1 0.8640625 0.4328125 0.03046875 0.0375