1 0.3359375 0.46484375 0.021875 0.046875
1 0.78125 0.49140625 0.0609375 0.05546875
1 0.22734375 0.51484375 0.121875 0.146875
1 0.3796875 0.5171875 0.10625 0.153125
1 0.4515625 0.45859375 0.02734375 0.0390625
1 0.30859375 0.46328125 0.03359375 0.04453125
0 0.053125 0.46640625 0.0203125 0.065625
0 0.1203125 0.47109375 0.015625 0.05546875
0 0.14375 0.4671875 0.015625 0.05546875
0 0.57421875 0.478125 0.01171875 0.05546875
0 0.58984375 0.4828125 0.0140625 0.0484375
0 0.6453125 0.48984375 0.00859375 0.05390625
0 0.8296875 0.484375 0.0234375 0.11953125
0 0.73359375 0.48046875 0.0265625 0.103125
0 0.0609375 0.47109375 0.01015625 0.0640625