1 0.40078125 0.446875 0.05625 0.0734375
1 0.3671875 0.4359375 0.02421875 0.05703125
1 0.334375 0.440625 0.0546875 0.0734375
1 0.278125 0.45546875 0.09375 0.09609375
0 0.2171875 0.453125 0.02109375 0.09609375
0 0.19375 0.434375 0.01796875 0.08203125
0 0.12890625 0.453125 0.01953125 0.115625
0 0.153125 0.446875 0.0125 0.078125
1 0.05 0.51640625 0.1 0.1796875
1 0.515625 0.43203125 0.03203125 0.065625
1 0.540625 0.41796875 0.01796875 0.03203125
1 0.553125 0.428125 0.01953125 0.04609375
1 0.5859375 0.43046875 0.04296875 0.06640625
1 0.4640625 0.440625 0.08046875 0.13359375
1 0.65625 0.446875 0.1234375 0.18203125
0 0.8515625 0.4296875 0.0234375 0.10859375
0 0.8828125 0.41015625 0.021875 0.11640625