0 0.0546875 0.534375 0.01875 0.078125
1 0.19375 0.634375 0.24921875 0.2875
1 0.4203125 0.56640625 0.07421875 0.1
1 0.55625 0.56328125 0.08359375 0.14140625
1 0.31875 0.5484375 0.0703125 0.08203125
1 0.36015625 0.53828125 0.03046875 0.078125
1 0.5078125 0.54453125 0.03828125 0.0515625
1 0.3921875 0.5203125 0.0234375 0.0234375
1 0.88984375 0.59765625 0.14609375 0.1484375
1 0.790625 0.59140625 0.121875 0.1125
1 0.7140625 0.56953125 0.09140625 0.103125
1 0.61953125 0.5546875 0.05390625 0.090625
1 0.65625 0.553125 0.0359375 0.0609375