1 0.49375 0.3421875 0.01796875 0.0265625
1 0.5125 0.353125 0.021875 0.02890625
1 0.590625 0.38828125 0.03984375 0.0609375
1 0.634375 0.39453125 0.0625 0.0875
1 0.6890625 0.39609375 0.10078125 0.11953125
1 0.75703125 0.4125 0.14453125 0.1484375
1 0.37578125 0.36328125 0.021875 0.02890625
1 0.3671875 0.365625 0.02578125 0.02890625
1 0.3453125 0.3796875 0.03828125 0.0484375
1 0.4203125 0.36875 0.0375 0.04140625
1 0.53984375 0.3984375 0.065625 0.090625
1 0.05 0.446875 0.09921875 0.17890625
1 0.3875 0.35625 0.01875 0.0265625