1 0.8140625 0.409375 0.0171875 0.03046875
1 0.7890625 0.40703125 0.0265625 0.03046875
1 0.7578125 0.39921875 0.02421875 0.015625
1 0.725 0.41796875 0.02890625 0.040625
1 0.7703125 0.43203125 0.03671875 0.04140625
0 0.70234375 0.421875 0.01875 0.071875
1 0.49453125 0.5234375 0.35859375 0.525
1 0.1640625 0.590625 0.32734375 0.3765625
0 0.2671875 0.396875 0.01328125 0.01953125
0 0.18125 0.39921875 0.0109375 0.0234375
0 0.16484375 0.396875 0.00859375 0.021875
0 0.1375 0.4015625 0.01015625 0.0234375
0 0.10546875 0.40859375 0.0125 0.03359375
1 0.878125 0.6234375 0.2421875 0.65546875