1 0.0953125 0.47890625 0.078125 0.06796875
1 0.196875 0.4625 0.0515625 0.046875
1 0.4390625 0.5640625 0.17109375 0.29140625
1 0.62265625 0.5515625 0.1296875 0.17890625
1 0.865625 0.6078125 0.23671875 0.25859375
1 0.55 0.5328125 0.0609375 0.10390625
1 0.3453125 0.453125 0.02578125 0.021875
1 0.325 0.4515625 0.01875 0.0265625
1 0.3765625 0.44453125 0.01484375 0.025
1 0.228125 0.4453125 0.0125 0.03046875
1 0.1421875 0.446875 0.0140625 0.0265625
1 0.159375 0.44609375 0.01484375 0.025
1 0.23671875 0.44609375 0.0140625 0.025
1 0.24921875 0.446875 0.0125 0.01796875
1 0.2609375 0.44140625 0.01171875 0.01640625
1 0.2734375 0.44140625 0.01171875 0.0125
1 0.28359375 0.44140625 0.00703125 0.01640625