1 0.425 0.37421875 0.015625 0.01953125
1 0.45859375 0.38203125 0.03984375 0.059375
1 0.365625 0.384375 0.0296875 0.025
1 0.40078125 0.3796875 0.021875 0.02109375
1 0.26484375 0.390625 0.04140625 0.05390625
0 0.29375 0.384375 0.009375 0.03359375
1 0.4859375 0.371875 0.01875 0.02890625
1 0.5453125 0.38203125 0.03203125 0.0390625
1 0.5765625 0.384375 0.021875 0.05546875
1 0.61640625 0.378125 0.06015625 0.071875
1 0.509375 0.37109375 0.0171875 0.03046875
1 0.33046875 0.39921875 0.03359375 0.03359375