0 0.815625 0.4015625 0.025 0.07890625
0 0.88828125 0.38359375 0.02265625 0.071875
1 0.48984375 0.365625 0.01484375 0.03359375
1 0.50703125 0.37421875 0.03046875 0.0484375
1 0.52421875 0.3828125 0.03046875 0.084375
1 0.61328125 0.37890625 0.01875 0.0484375
1 0.653125 0.3828125 0.01875 0.03359375
1 0.671875 0.3765625 0.02734375 0.0484375
1 0.6875 0.3859375 0.02734375 0.04453125
1 0.7625 0.39765625 0.0328125 0.0484375
1 0.446875 0.41171875 0.0859375 0.1234375
1 0.565625 0.39765625 0.0921875 0.14296875
1 0.88828125 0.5375 0.22265625 0.4265625