0 0.6203125 0.634375 0.028125 0.11953125
0 0.56796875 0.61015625 0.009375 0.028125
0 0.56015625 0.6140625 0.00859375 0.025
0 0.59921875 0.61796875 0.0109375 0.0359375
0 0.5890625 0.6109375 0.00859375 0.03359375
1 0.34921875 0.6265625 0.03828125 0.05546875
1 0.4546875 0.61015625 0.00859375 0.01640625
1 0.4453125 0.61171875 0.0171875 0.025
1 0.48203125 0.6140625 0.0109375 0.0125
1 0.471875 0.609375 0.009375 0.021875
1 0.3984375 0.61953125 0.0203125 0.028125
1 0.4359375 0.60703125 0.01484375 0.021875
1 0.26328125 0.66953125 0.17265625 0.1890625