1 0.540625 0.35546875 0.0140625 0.01953125
1 0.528125 0.3578125 0.01875 0.0265625
1 0.509375 0.36015625 0.02421875 0.03359375
1 0.48984375 0.3671875 0.02578125 0.04296875
1 0.475 0.3671875 0.01953125 0.053125
1 0.45234375 0.378125 0.0375 0.071875
1 0.4125 0.384375 0.06640625 0.1125
1 0.3671875 0.4046875 0.07890625 0.159375
1 0.265625 0.43515625 0.18125 0.1984375
1 0.103125 0.49609375 0.203125 0.29609375
1 0.89765625 0.578125 0.20234375 0.39140625
1 0.5609375 0.35546875 0.0140625 0.0359375
1 0.57421875 0.36953125 0.0140625 0.03046875
1 0.6125 0.38359375 0.0609375 0.078125
1 0.64375 0.4265625 0.04296875 0.128125
1 0.6875 0.434375 0.1109375 0.18359375
1 0.784375 0.490625 0.20625 0.3640625