1 0.0453125 0.5453125 0.090625 0.11953125
1 0.97421875 0.80390625 0.05 0.25
1 0.43671875 0.5375 0.0640625 0.090625
1 0.51953125 0.53203125 0.06796875 0.1140625
1 0.6296875 0.5515625 0.075 0.096875
1 0.13046875 0.54140625 0.08359375 0.09140625
1 0.2234375 0.534375 0.08203125 0.0640625
1 0.3078125 0.521875 0.05078125 0.0515625
1 0.27421875 0.5328125 0.01484375 0.0359375
1 0.35546875 0.521875 0.02265625 0.034375
1 0.39921875 0.52578125 0.0109375 0.05
1 0.38984375 0.51484375 0.02109375 0.04453125
1 0.48125 0.51015625 0.0265625 0.04296875