0 0.38984375 0.56875 0.01171875 0.04453125
1 0.40078125 0.553125 0.009375 0.01953125
1 0.409375 0.55703125 0.0046875 0.02890625
1 0.41875 0.559375 0.01171875 0.02890625
1 0.42890625 0.565625 0.01171875 0.034375
1 0.44296875 0.57265625 0.00859375 0.04296875
1 0.4625 0.578125 0.02734375 0.05546875
1 0.5015625 0.584375 0.05390625 0.09296875
1 0.5234375 0.60390625 0.059375 0.10546875
1 0.57109375 0.621875 0.0875 0.1265625
1 0.6765625 0.65078125 0.20390625 0.19296875
1 0.37421875 0.55625 0.009375 0.0234375
1 0.3671875 0.559375 0.0125 0.028125
1 0.3546875 0.56171875 0.0171875 0.034375
1 0.3375 0.56328125 0.0203125 0.0515625
1 0.32890625 0.56875 0.02421875 0.0515625
1 0.3203125 0.57421875 0.01953125 0.05390625
1 0.30703125 0.578125 0.02109375 0.06796875
1 0.290625 0.58828125 0.034375 0.078125
1 0.265625 0.5890625 0.05234375 0.09296875
1 0.20859375 0.609375 0.11328125 0.140625
1 0.090625 0.65078125 0.18125 0.271875