1 0.7296875 0.5734375 0.03984375 0.034375
1 0.70625 0.57109375 0.04296875 0.0375
1 0.68984375 0.57109375 0.03828125 0.0375
1 0.6640625 0.56953125 0.034375 0.04296875
1 0.63984375 0.565625 0.04375 0.0515625
1 0.615625 0.56640625 0.0359375 0.053125
1 0.5875 0.5671875 0.01875 0.05390625
1 0.5609375 0.55 0.02265625 0.025
1 0.5484375 0.5671875 0.046875 0.05546875
1 0.5296875 0.571875 0.059375 0.0640625
1 0.478125 0.5765625 0.08125 0.07109375
1 0.3703125 0.578125 0.040625 0.0625
1 0.31796875 0.5859375 0.0421875 0.065625
1 0.26484375 0.5890625 0.046875 0.059375
1 0.1 0.56015625 0.08046875 0.1515625
1 0.0390625 0.565625 0.078125 0.1765625
1 0.8828125 0.5796875 0.03671875 0.04296875
1 0.9484375 0.56796875 0.03828125 0.0375