1 0.1953125 0.640625 0.11875 0.084375
1 0.5046875 0.6609375 0.01484375 0.040625
1 0.4875 0.6546875 0.0203125 0.0484375
1 0.5734375 0.671875 0.01171875 0.01953125
1 0.58125 0.6703125 0.01328125 0.021875
1 0.590625 0.66796875 0.009375 0.02890625
1 0.6046875 0.6609375 0.0203125 0.0359375
1 0.6265625 0.6546875 0.025 0.0515625
1 0.64921875 0.6515625 0.03125 0.0625
1 0.69453125 0.640625 0.08125 0.125
1 0.7953125 0.63359375 0.171875 0.21640625
1 0.540625 0.63984375 0.06328125 0.096875
1 0.4625 0.653125 0.0515625 0.065625
1 0.0765625 0.646875 0.153125 0.125
1 0.8953125 0.68671875 0.20859375 0.2859375