1 0.0765625 0.44765625 0.0734375 0.07109375
1 0.1171875 0.44453125 0.03046875 0.05390625
1 0.1765625 0.4578125 0.040625 0.0515625
1 0.2046875 0.45859375 0.02890625 0.04453125
1 0.24609375 0.4421875 0.02734375 0.0265625
1 0.278125 0.459375 0.07109375 0.046875
1 0.3375 0.44921875 0.08828125 0.05390625
1 0.33828125 0.46328125 0.04609375 0.04453125
1 0.47265625 0.4796875 0.04375 0.04453125
1 0.50234375 0.475 0.03203125 0.040625
1 0.546875 0.48203125 0.03671875 0.04453125
1 0.5859375 0.4765625 0.05234375 0.0515625
1 0.6453125 0.47734375 0.015625 0.0109375
1 0.6625 0.46796875 0.01875 0.0265625
1 0.6796875 0.471875 0.0265625 0.0375
1 0.6953125 0.48125 0.04609375 0.04140625
1 0.721875 0.48671875 0.05703125 0.0484375
1 0.771875 0.4921875 0.05546875 0.04140625
1 0.83125 0.49140625 0.06328125 0.040625
1 0.896875 0.50703125 0.07890625 0.046875
1 0.02109375 0.44609375 0.0421875 0.05703125