1 0.496875 0.4703125 0.01015625 0.021875
1 0.5125 0.46875 0.0140625 0.01640625
1 0.525 0.465625 0.01171875 0.01640625
1 0.484375 0.471875 0.0140625 0.0265625
1 0.47734375 0.47890625 0.01484375 0.0375
1 0.46328125 0.48359375 0.02421875 0.05
1 0.4484375 0.50703125 0.0234375 0.071875
1 0.4234375 0.52265625 0.06015625 0.1109375
1 0.3609375 0.5484375 0.121875 0.17109375
1 0.628125 0.5265625 0.0453125 0.13046875
1 0.6796875 0.55859375 0.1046875 0.16953125
1 0.2234375 0.5953125 0.265625 0.278125
1 0.784375 0.60390625 0.21015625 0.2515625
1 0.0703125 0.66796875 0.140625 0.35390625
1 0.90625 0.675 0.18671875 0.5390625
1 0.52421875 0.4859375 0.02890625 0.05
1 0.553125 0.471875 0.0109375 0.02109375
0 0.596875 0.4890625 0.0109375 0.0484375
0 0.6109375 0.4796875 0.0078125 0.0375