1 0.31640625 0.4859375 0.0203125 0.0265625
1 0.29375 0.484375 0.02265625 0.04140625
1 0.1734375 0.49921875 0.07421875 0.0875
1 0.27734375 0.48125 0.03515625 0.0609375
1 0.428125 0.4890625 0.01796875 0.0265625
1 0.5078125 0.5 0.015625 0.028125
1 0.5203125 0.50234375 0.02109375 0.0265625
1 0.4 0.49765625 0.04375 0.065625
1 0.384375 0.47265625 0.021875 0.03203125
1 0.3609375 0.4828125 0.01796875 0.025
1 0.5296875 0.5078125 0.0234375 0.03203125
1 0.46796875 0.5015625 0.04453125 0.0625
1 0.5765625 0.51875 0.04140625 0.053125
1 0.246875 0.48984375 0.05546875 0.07109375
1 0.3390625 0.4875 0.02890625 0.0390625
1 0.071875 0.49609375 0.1421875 0.1609375
1 0.92421875 0.58671875 0.1484375 0.15859375