1 0.046875 0.72109375 0.09375 0.171875
1 0.9359375 0.79453125 0.12734375 0.29609375
1 0.690625 0.671875 0.16328125 0.16953125
1 0.1578125 0.6890625 0.1390625 0.128125
1 0.2484375 0.6609375 0.06015625 0.08359375
1 0.28828125 0.6515625 0.05078125 0.0734375
1 0.3171875 0.64453125 0.0296875 0.06796875
1 0.3296875 0.64453125 0.021875 0.0625
1 0.34765625 0.63984375 0.02421875 0.053125
1 0.578125 0.65390625 0.06171875 0.078125
1 0.540625 0.6375 0.034375 0.0625
1 0.5203125 0.63359375 0.0234375 0.04609375
1 0.41875 0.628125 0.034375 0.059375
1 0.4421875 0.6203125 0.02421875 0.0390625
1 0.50703125 0.63359375 0.0203125 0.0359375
1 0.4765625 0.63125 0.021875 0.021875