1 0.12734375 0.4625 0.034375 0.03359375
1 0.1640625 0.4203125 0.0171875 0.02109375
1 0.1890625 0.4265625 0.0140625 0.01796875
1 0.20703125 0.43046875 0.0140625 0.02109375
1 0.2375 0.428125 0.04296875 0.025
1 0.54375 0.42890625 0.015625 0.03359375
1 0.57890625 0.459375 0.06796875 0.1
1 0.175 0.4609375 0.053125 0.05546875
1 0.2375 0.4484375 0.02890625 0.03046875
1 0.7078125 0.45703125 0.05703125 0.05390625
1 0.8609375 0.4734375 0.1640625 0.1265625
1 0.43125 0.52421875 0.26640625 0.4265625
0 0.63515625 0.43671875 0.00703125 0.0390625
0 0.6234375 0.43828125 0.00859375 0.040625
1 0.9703125 0.49296875 0.05703125 0.1375