1 0.06875 0.63125 0.1359375 0.21640625
1 0.2359375 0.5828125 0.0671875 0.071875
1 0.33125 0.5609375 0.04296875 0.0484375
1 0.38828125 0.5703125 0.05078125 0.0640625
1 0.465625 0.56953125 0.05 0.075
1 0.515625 0.5625 0.02578125 0.03359375
1 0.35546875 0.55546875 0.01015625 0.03203125
1 0.4203125 0.54609375 0.01953125 0.034375
1 0.44140625 0.55078125 0.015625 0.025
1 0.4921875 0.55703125 0.0203125 0.034375
1 0.9640625 0.596875 0.0703125 0.0859375
1 0.9640625 0.73671875 0.0703125 0.225
0 0.8484375 0.6203125 0.0328125 0.196875
0 0.659375 0.5875 0.015625 0.0875
0 0.6421875 0.58515625 0.0171875 0.08046875
0 0.6734375 0.565625 0.0109375 0.07890625
0 0.63515625 0.55234375 0.009375 0.04296875
0 0.625 0.5625 0.0078125 0.046875
0 0.69375 0.5671875 0.0140625 0.08046875
0 0.5875 0.559375 0.01328125 0.05546875
0 0.55 0.55703125 0.0078125 0.04453125
0 0.5609375 0.55859375 0.00859375 0.04296875
0 0.57890625 0.55859375 0.009375 0.04609375
0 0.75625 0.58203125 0.025 0.075
0 0.103125 0.55625 0.0109375 0.03203125
0 0.12109375 0.5703125 0.0125 0.05703125
0 0.1328125 0.58125 0.01484375 0.078125
0 0.1328125 0.54140625 0.0109375 0.01953125
0 0.1484375 0.56875 0.01171875 0.06953125
0 0.19140625 0.56953125 0.01484375 0.06953125
0 0.7296875 0.56953125 0.0125 0.05703125
0 0.72421875 0.565625 0.0125 0.059375
0 0.27734375 0.55234375 0.00625 0.053125