1 0.01328125 0.53046875 0.0265625 0.0484375
1 0.465625 0.49609375 0.01328125 0.02109375
1 0.484375 0.49765625 0.01875 0.01640625
1 0.5046875 0.496875 0.0234375 0.0234375
1 0.5265625 0.503125 0.0234375 0.03046875
1 0.571875 0.490625 0.05234375 0.0484375
1 0.6015625 0.49921875 0.0265625 0.0375
1 0.634375 0.496875 0.0515625 0.065625
1 0.6734375 0.50625 0.07265625 0.07890625
1 0.7375 0.50859375 0.10703125 0.0890625
1 0.39765625 0.5265625 0.075 0.11953125
1 0.284375 0.509375 0.1421875 0.265625
1 0.171875 0.515625 0.03515625 0.034375