1 0.9140625 0.42421875 0.1203125 0.09140625
1 0.7328125 0.41875 0.06953125 0.06953125
1 0.04375 0.4640625 0.0875 0.209375
1 0.68125 0.4140625 0.03515625 0.071875
1 0.63125 0.434375 0.0734375 0.07890625
1 0.5953125 0.4078125 0.01953125 0.0265625
1 0.575 0.4328125 0.0359375 0.0609375
1 0.52421875 0.43359375 0.01875 0.046875
1 0.51328125 0.428125 0.03046875 0.04296875
1 0.5515625 0.4328125 0.03671875 0.05703125
1 0.38515625 0.415625 0.01875 0.034375
1 0.2890625 0.43359375 0.03359375 0.04140625
1 0.9875 0.421875 0.0234375 0.08203125
1 0.3484375 0.41171875 0.0328125 0.0375