1 0.46328125 0.39140625 0.01484375 0.03359375
1 0.45703125 0.3921875 0.01484375 0.0359375
1 0.43984375 0.4 0.0265625 0.04296875
1 0.43359375 0.403125 0.02421875 0.0375
1 0.415625 0.425 0.034375 0.065625
1 0.3890625 0.4375 0.04296875 0.084375
1 0.359375 0.4578125 0.04921875 0.11796875
1 0.5046875 0.37890625 0.01015625 0.021875
1 0.515625 0.38671875 0.01640625 0.02890625
1 0.534375 0.396875 0.01640625 0.04453125
1 0.55625 0.4 0.03125 0.065625
1 0.57890625 0.40546875 0.03671875 0.08046875
1 0.6359375 0.4171875 0.103125 0.12109375
1 0.2875 0.496875 0.14921875 0.1859375