1 0.265625 0.509375 0.0140625 0.01640625
1 0.2390625 0.50390625 0.021875 0.01953125
1 0.21796875 0.509375 0.01953125 0.02109375
1 0.18828125 0.51171875 0.01875 0.0234375
1 0.16171875 0.51328125 0.03515625 0.05
1 0.1203125 0.5078125 0.0609375 0.0875
1 0.0734375 0.515625 0.0515625 0.0609375
1 0.35 0.51171875 0.015625 0.01953125
1 0.3640625 0.5125 0.0140625 0.01796875
1 0.3765625 0.51484375 0.01328125 0.0234375
1 0.50625 0.52578125 0.06875 0.08203125
1 0.6140625 0.5375 0.125 0.1265625
1 0.5515625 0.53359375 0.05 0.1015625