1 0.52109375 0.3375 0.040625 0.0515625
1 0.53125 0.3703125 0.03828125 0.065625
1 0.559375 0.4078125 0.071875 0.075
1 0.5859375 0.453125 0.09140625 0.1015625
1 0.3859375 0.3171875 0.02890625 0.04453125
1 0.3609375 0.31640625 0.0171875 0.0375
1 0.33125 0.31640625 0.03828125 0.04140625
1 0.29375 0.3171875 0.0328125 0.04453125
1 0.26171875 0.33203125 0.034375 0.04453125
1 0.2015625 0.3234375 0.090625 0.07890625
1 0.1359375 0.359375 0.08671875 0.078125
1 0.6453125 0.51796875 0.153125 0.1984375
0 0.8765625 0.459375 0.04765625 0.265625
0 0.928125 0.5453125 0.0515625 0.26640625
1 0.41875 0.30859375 0.03671875 0.0515625
1 0.47734375 0.30546875 0.02109375 0.040625