0 0.6421875 0.48828125 0.01328125 0.046875
1 0.29765625 0.50234375 0.01171875 0.01953125
1 0.284375 0.50703125 0.015625 0.03359375
1 0.26875 0.50390625 0.02109375 0.028125
1 0.25078125 0.50234375 0.02109375 0.028125
1 0.23359375 0.50234375 0.0234375 0.0375
1 0.2125 0.50390625 0.0234375 0.0375
1 0.19375 0.503125 0.0265625 0.040625
1 0.16875 0.5078125 0.0328125 0.04453125
1 0.13984375 0.5171875 0.03203125 0.04453125
1 0.48125 0.490625 0.025 0.0375
1 0.4953125 0.4921875 0.01953125 0.03359375
1 0.509375 0.49375 0.01953125 0.034375
1 0.525 0.4890625 0.02109375 0.04453125
1 0.5453125 0.4890625 0.02734375 0.0484375
1 0.57109375 0.4921875 0.03984375 0.05703125
1 0.4546875 0.4953125 0.01875 0.0234375
1 0.60625 0.50390625 0.059375 0.0609375
1 0.8703125 0.515625 0.13203125 0.084375
1 0.0703125 0.521875 0.128125 0.109375
1 0.9671875 0.515625 0.06484375 0.07109375