1 0.634375 0.2875 0.01328125 0.02109375
1 0.646875 0.284375 0.01171875 0.0234375
1 0.65859375 0.2875 0.01484375 0.02109375
1 0.6703125 0.290625 0.015625 0.0234375
1 0.684375 0.30078125 0.01875 0.028125
1 0.703125 0.30390625 0.0265625 0.034375
1 0.7296875 0.31484375 0.03828125 0.0375
1 0.77265625 0.325 0.05234375 0.040625
1 0.859375 0.3640625 0.05703125 0.0515625
1 0.95546875 0.3875 0.06953125 0.07890625
1 0.2296875 0.31484375 0.05546875 0.0515625
1 0.54453125 0.284375 0.0109375 0.01953125
1 0.5296875 0.28515625 0.015625 0.02109375
1 0.51640625 0.278125 0.01171875 0.01640625
1 0.459375 0.29453125 0.015625 0.0265625
1 0.475 0.315625 0.03515625 0.04609375
1 0.3859375 0.3390625 0.090625 0.1390625