1 0.4546875 0.471875 0.0109375 0.015625
1 0.4484375 0.48203125 0.01640625 0.025
1 0.52890625 0.478125 0.01171875 0.025
1 0.54296875 0.48515625 0.0203125 0.028125
1 0.5671875 0.48515625 0.02890625 0.040625
1 0.4140625 0.4921875 0.01953125 0.040625
1 0.40078125 0.490625 0.021875 0.0390625
1 0.38046875 0.49765625 0.0359375 0.04296875
1 0.715625 0.51953125 0.09921875 0.10546875
1 0.1125 0.53046875 0.17265625 0.1765625
1 0.04375 0.546875 0.0875 0.20390625
1 0.8359375 0.53046875 0.19921875 0.196875
1 0.4921875 0.50390625 0.0875 0.1515625