1 0.24609375 0.615625 0.02734375 0.03359375
1 0.1953125 0.61640625 0.040625 0.04296875
1 0.1640625 0.6140625 0.02109375 0.03046875
1 0.14921875 0.62265625 0.02109375 0.03046875
1 0.03671875 0.61640625 0.05625 0.05
1 0.30703125 0.61640625 0.01328125 0.02109375
1 0.3265625 0.615625 0.01953125 0.0265625
1 0.4 0.62109375 0.04375 0.04453125
1 0.534375 0.63359375 0.09296875 0.05859375
1 0.459375 0.6125 0.04609375 0.025
1 0.628125 0.66484375 0.08359375 0.1
1 0.72734375 0.684375 0.16953125 0.15859375
1 0.91171875 0.6125 0.0953125 0.05703125
1 0.80390625 0.615625 0.059375 0.0359375
1 0.1046875 0.61875 0.0390625 0.03359375
1 0.2796875 0.615625 0.0265625 0.0234375