1 0.4453125 0.4921875 0.01484375 0.0140625
1 0.415625 0.490625 0.0171875 0.02109375
1 0.4125 0.51484375 0.0171875 0.03046875
1 0.396875 0.51328125 0.01328125 0.01953125
1 0.38359375 0.5109375 0.01328125 0.01953125
1 0.3765625 0.52265625 0.01171875 0.0234375
1 0.3640625 0.525 0.0109375 0.0234375
1 0.3546875 0.525 0.0078125 0.01953125
1 0.34375 0.53046875 0.01328125 0.02109375
1 0.33359375 0.5421875 0.015625 0.03046875
1 0.31640625 0.546875 0.0265625 0.040625
1 0.1671875 0.61171875 0.3296875 0.30703125
1 0.4484375 0.52421875 0.02734375 0.040625
1 0.565625 0.6078125 0.21875 0.30390625
1 0.465625 0.51015625 0.01484375 0.034375
1 0.90703125 0.584375 0.134375 0.0984375
1 0.984375 0.58515625 0.03046875 0.0859375
0 0.746875 0.58125 0.02734375 0.10859375
0 0.7078125 0.578125 0.01484375 0.0859375