1 0.45 0.55 0.0109375 0.02109375
1 0.45 0.54375 0.01875 0.028125
1 0.4625 0.5515625 0.02109375 0.03359375
1 0.46484375 0.565625 0.01484375 0.046875
1 0.484375 0.5734375 0.03828125 0.0640625
1 0.5 0.58046875 0.040625 0.078125
1 0.5296875 0.56015625 0.03828125 0.0609375
1 0.5796875 0.559375 0.03203125 0.0265625
1 0.6140625 0.609375 0.05 0.0984375
1 0.4265625 0.546875 0.01875 0.0515625
1 0.4203125 0.578125 0.02890625 0.1234375
1 0.553125 0.6140625 0.10078125 0.140625
1 0.2796875 0.72109375 0.3296875 0.4765625
1 0.809375 0.5 0.3796875 0.9984375