1 0.35390625 0.559375 0.009375 0.01796875
1 0.3328125 0.559375 0.03203125 0.01953125
1 0.303125 0.56328125 0.02578125 0.021875
1 0.2609375 0.55859375 0.05546875 0.0390625
1 0.4140625 0.559375 0.01796875 0.0234375
1 0.38671875 0.5765625 0.02578125 0.040625
1 0.47109375 0.55625 0.08359375 0.02109375
1 0.59453125 0.540625 0.11015625 0.2234375
1 0.625 0.603125 0.08359375 0.1625
1 0.7296875 0.6734375 0.2125 0.2734375
1 0.4625 0.75078125 0.26875 0.38359375
0 0.93984375 0.615625 0.0203125 0.0890625
1 0.378125 0.56796875 0.03359375 0.0375