1 0.521875 0.42421875 0.01640625 0.025
1 0.503125 0.4296875 0.01484375 0.0359375
1 0.55859375 0.4328125 0.0078125 0.02109375
1 0.5890625 0.45859375 0.021875 0.053125
1 0.4515625 0.45 0.01953125 0.0515625
1 0.4359375 0.4546875 0.0171875 0.04609375
1 0.421875 0.4609375 0.0265625 0.04140625
1 0.3921875 0.47578125 0.0328125 0.0625
1 0.34921875 0.4859375 0.05078125 0.08359375
1 0.29140625 0.49921875 0.075 0.096875
1 0.175 0.54375 0.159375 0.13359375
1 0.4828125 0.440625 0.02890625 0.03359375
1 0.56875 0.4421875 0.0140625 0.0234375
1 0.6140625 0.47890625 0.03046875 0.040625