1 0.2203125 0.528125 0.10234375 0.13046875
1 0.5078125 0.49375 0.09453125 0.1265625
1 0.2734375 0.51640625 0.02421875 0.0515625
1 0.27265625 0.5 0.0546875 0.09453125
1 0.30390625 0.490625 0.02734375 0.075
1 0.3125 0.49296875 0.021875 0.05546875
1 0.32578125 0.49375 0.01875 0.0484375
1 0.4546875 0.49765625 0.02578125 0.05546875
1 0.4359375 0.49765625 0.0234375 0.04609375
1 0.42578125 0.490625 0.02421875 0.04140625
1 0.4109375 0.48671875 0.0203125 0.03359375
1 0.38125 0.4890625 0.02578125 0.03359375
1 0.34375 0.4875 0.01640625 0.040625
1 0.56875 0.4828125 0.02265625 0.025