1 0.453125 0.515625 0.015625 0.04296875
1 0.4375 0.51953125 0.0125 0.04140625
1 0.4203125 0.5140625 0.025 0.06953125
1 0.3421875 0.51796875 0.0359375 0.06953125
1 0.246875 0.52890625 0.06328125 0.05859375
1 0.465625 0.50703125 0.01171875 0.08046875
1 0.4890625 0.51015625 0.04453125 0.0984375
0 0.65 0.5078125 0.0203125 0.10390625
0 0.5796875 0.51015625 0.0203125 0.10703125
0 0.628125 0.50859375 0.0203125 0.109375
0 0.61796875 0.50703125 0.02109375 0.0984375
0 0.6796875 0.51015625 0.04453125 0.275
0 0.7046875 0.56953125 0.06953125 0.496875
0 0.94453125 0.57265625 0.09609375 0.4484375
0 0.5953125 0.51640625 0.0265625 0.13046875
0 0.61796875 0.51640625 0.02421875 0.128125
0 0.5265625 0.58515625 0.06328125 0.353125
0 0.24296875 0.5515625 0.0375 0.19609375
0 0.18984375 0.53828125 0.01796875 0.09140625
0 0.159375 0.5375 0.01875 0.096875
0 0.1203125 0.54609375 0.0265625 0.0984375
0 0.0640625 0.55 0.03359375 0.11796875
0 0.7625 0.621875 0.12421875 0.54609375
1 0.3015625 0.52421875 0.0421875 0.059375
1 0.3859375 0.528125 0.0671875 0.10859375