1 0.5015625 0.39609375 0.01640625 0.021875
1 0.51328125 0.40390625 0.01171875 0.02890625
1 0.5234375 0.403125 0.01484375 0.034375
1 0.534375 0.40625 0.01171875 0.0359375
1 0.54375 0.4078125 0.0109375 0.040625
1 0.5515625 0.40859375 0.0109375 0.04296875
1 0.559375 0.409375 0.0125 0.04609375
1 0.58125 0.409375 0.03671875 0.0625
1 0.4796875 0.38828125 0.015625 0.0375
1 0.334375 0.41953125 0.02578125 0.04140625
1 0.3109375 0.43359375 0.03828125 0.04140625
1 0.2625 0.440625 0.05546875 0.0609375
1 0.05703125 0.4765625 0.11328125 0.14296875
1 0.7265625 0.43515625 0.13359375 0.1390625
1 0.828125 0.4609375 0.16640625 0.171875
1 0.94375 0.4265625 0.1109375 0.35390625
0 0.1578125 0.44140625 0.0140625 0.05546875
0 0.17109375 0.446875 0.0125 0.0640625