1 0.809375 0.5265625 0.3515625 0.36640625
1 0.64765625 0.4328125 0.06640625 0.1015625
1 0.4859375 0.40078125 0.034375 0.040625
1 0.009375 0.471875 0.01796875 0.06796875
1 0.04375 0.43671875 0.04921875 0.05859375
1 0.08828125 0.43359375 0.046875 0.05859375
0 0.1328125 0.42734375 0.025 0.053125
0 0.165625 0.41796875 0.0140625 0.05390625
0 0.20390625 0.409375 0.01328125 0.05
1 0.5125 0.3984375 0.02265625 0.028125
1 0.578125 0.40078125 0.02265625 0.02109375
1 0.5578125 0.396875 0.01171875 0.02109375
1 0.534375 0.39765625 0.01875 0.0265625