1 0.0203125 0.4984375 0.03984375 0.11640625
1 0.8453125 0.5890625 0.30859375 0.43203125
1 0.2203125 0.471875 0.11171875 0.11640625
1 0.0875 0.48671875 0.10546875 0.09140625
1 0.15625 0.459375 0.07109375 0.075
1 0.71328125 0.4578125 0.09140625 0.1015625
1 0.6515625 0.44453125 0.06953125 0.10390625
1 0.61328125 0.44296875 0.05625 0.078125
1 0.57734375 0.43828125 0.04375 0.06796875
1 0.521875 0.37421875 0.03671875 0.071875
1 0.35 0.40078125 0.0203125 0.0265625
1 0.36875 0.39765625 0.01640625 0.0265625