1 0.32734375 0.40859375 0.02890625 0.0484375
1 0.3015625 0.41171875 0.02421875 0.0359375
1 0.275 0.4140625 0.0375 0.04453125
1 0.2375 0.41171875 0.046875 0.05390625
1 0.44140625 0.4 0.02265625 0.03203125
1 0.5375 0.39375 0.02421875 0.03203125
1 0.5640625 0.403125 0.0390625 0.0375
1 0.48125 0.4015625 0.025 0.0265625
1 0.50859375 0.4 0.0203125 0.03359375
1 0.409375 0.4203125 0.06328125 0.08359375
1 0.146875 0.44453125 0.1890625 0.2
0 0.784375 0.39296875 0.01953125 0.08203125
0 0.76171875 0.39609375 0.01953125 0.0875