1 0.0984375 0.465625 0.0890625 0.071875
1 0.3578125 0.46328125 0.04765625 0.0609375
1 0.4265625 0.4625 0.03046875 0.04140625
1 0.5796875 0.484375 0.0578125 0.06796875
1 0.453125 0.44921875 0.01640625 0.021875
1 0.4015625 0.45234375 0.02109375 0.03359375
1 0.496875 0.453125 0.0140625 0.03046875
1 0.5140625 0.46328125 0.02421875 0.034375
1 0.534375 0.465625 0.0203125 0.053125
1 0.55 0.471875 0.03125 0.05859375
1 0.86484375 0.58671875 0.22578125 0.21796875
1 0.9546875 0.6484375 0.0890625 0.240625
1 0.48515625 0.4515625 0.0140625 0.021875