0 0.7375 0.409375 0.02890625 0.13359375
0 0.88828125 0.40859375 0.05390625 0.18359375
0 0.84453125 0.4203125 0.0671875 0.178125
0 0.6375 0.40625 0.02890625 0.0984375
0 0.61640625 0.4140625 0.02265625 0.09609375
0 0.496875 0.40234375 0.01484375 0.0640625
0 0.4765625 0.41015625 0.01171875 0.0609375
0 0.071875 0.3984375 0.0109375 0.0375
0 0.0875 0.39296875 0.0109375 0.04453125
0 0.06015625 0.4 0.01171875 0.034375
0 0.046875 0.396875 0.01171875 0.046875
0 0.00859375 0.396875 0.01484375 0.046875
1 0.34375 0.496875 0.25078125 0.346875