1 0.4703125 0.4671875 0.0203125 0.01953125
1 0.45 0.471875 0.01875 0.01640625
1 0.42890625 0.471875 0.0171875 0.01640625
1 0.4078125 0.47421875 0.02109375 0.02109375
1 0.384375 0.47734375 0.02109375 0.01953125
1 0.36875 0.48359375 0.01953125 0.021875
1 0.34609375 0.48359375 0.021875 0.03359375
1 0.3125 0.4875 0.0328125 0.046875
1 0.2703125 0.496875 0.0453125 0.04609375
1 0.2296875 0.5046875 0.03671875 0.0484375
1 0.1671875 0.50234375 0.0921875 0.109375
1 0.0734375 0.534375 0.146875 0.1375
1 0.52421875 0.46484375 0.01015625 0.015625
1 0.5109375 0.4609375 0.0125 0.015625
1 0.49609375 0.465625 0.0125 0.01953125
1 0.55390625 0.465625 0.02578125 0.05703125
1 0.5671875 0.46640625 0.0296875 0.071875
1 0.59609375 0.48984375 0.06171875 0.09453125
1 0.6734375 0.52578125 0.1078125 0.153125
1 0.8609375 0.58203125 0.27421875 0.3625