1 0.51796875 0.40234375 0.04765625 0.07109375
1 0.5953125 0.43046875 0.02734375 0.06640625
1 0.81953125 0.4875 0.03046875 0.103125
0 0.98359375 0.41796875 0.021875 0.0484375
1 0.553125 0.42265625 0.06875 0.1140625
1 0.365625 0.40078125 0.03984375 0.0484375
1 0.2890625 0.40703125 0.06171875 0.0765625
1 0.2453125 0.41015625 0.0703125 0.09140625
1 0.1953125 0.415625 0.090625 0.128125
1 0.084375 0.40859375 0.16796875 0.209375
1 0.91015625 0.4921875 0.1796875 0.215625
1 0.440625 0.46171875 0.13125 0.19609375
1 0.70546875 0.48203125 0.21640625 0.28046875
1 0.0296875 0.66875 0.0578125 0.371875