1 0.49375 0.33359375 0.021875 0.034375
1 0.5078125 0.346875 0.015625 0.015625
1 0.5 0.36328125 0.02265625 0.03046875
1 0.4734375 0.35703125 0.01875 0.034375
1 0.45 0.3796875 0.0265625 0.05859375
1 0.4234375 0.38984375 0.04375 0.0734375
1 0.375 0.421875 0.08125 0.1109375
1 0.2109375 0.471875 0.25078125 0.28359375
1 0.5328125 0.3671875 0.01796875 0.03359375
1 0.5453125 0.3640625 0.015625 0.0265625
1 0.5703125 0.3703125 0.03828125 0.053125
1 0.65703125 0.4046875 0.09921875 0.121875
1 0.803125 0.50859375 0.2375 0.22890625