1 0.3625 0.47578125 0.02734375 0.0515625
1 0.3453125 0.48671875 0.0296875 0.0625
1 0.315625 0.4890625 0.03984375 0.071875
1 0.271875 0.49765625 0.08046875 0.090625
1 0.4015625 0.478125 0.07109375 0.090625
1 0.4671875 0.453125 0.01484375 0.028125
1 0.44609375 0.4578125 0.0296875 0.0484375
1 0.3984375 0.47578125 0.06953125 0.09453125
1 0.4859375 0.4515625 0.01875 0.021875
1 0.50546875 0.453125 0.01484375 0.01953125
1 0.5203125 0.453125 0.01484375 0.0234375
1 0.53359375 0.459375 0.01875 0.04140625
1 0.5421875 0.465625 0.02421875 0.0515625
1 0.5578125 0.46875 0.03671875 0.065625
1 0.5703125 0.47578125 0.028125 0.065625
1 0.59765625 0.490625 0.08203125 0.09453125