1 0.453125 0.4625 0.01953125 0.03046875
1 0.43203125 0.4625 0.01328125 0.0234375
1 0.41875 0.4640625 0.015625 0.021875
1 0.40703125 0.4640625 0.01640625 0.021875
1 0.396875 0.465625 0.01484375 0.0234375
1 0.38203125 0.46796875 0.01953125 0.0234375
1 0.35625 0.471875 0.03125 0.046875
1 0.3328125 0.47421875 0.02421875 0.05390625
1 0.31640625 0.4765625 0.03203125 0.0625
1 0.27421875 0.47421875 0.06171875 0.084375
1 0.228125 0.503125 0.071875 0.07890625
1 0.6125 0.50625 0.115625 0.1765625
1 0.7734375 0.57421875 0.33515625 0.303125
1 0.96875 0.71015625 0.06015625 0.31953125
1 0.071875 0.540625 0.14296875 0.34296875