1 0.33671875 0.7515625 0.01640625 0.03046875
1 0.35625 0.74765625 0.03203125 0.040625
1 0.39296875 0.7515625 0.0515625 0.0640625
1 0.44375 0.7515625 0.05859375 0.09609375
1 0.490625 0.75703125 0.07109375 0.1015625
1 0.58125 0.74453125 0.1328125 0.146875
1 0.7265625 0.73359375 0.08515625 0.0859375
1 0.846875 0.73125 0.13125 0.10859375
1 0.9546875 0.728125 0.08515625 0.12109375
1 0.2921875 0.734375 0.01875 0.01640625
1 0.2703125 0.7390625 0.0171875 0.0125
1 0.25390625 0.74296875 0.0140625 0.01796875
1 0.2234375 0.7640625 0.02734375 0.053125
1 0.2046875 0.76796875 0.021875 0.0640625
1 0.66015625 0.7328125 0.04296875 0.06640625