0 0.9078125 0.6859375 0.06171875 0.2359375
0 0.83125 0.6234375 0.0421875 0.0890625
0 0.365625 0.70859375 0.01171875 0.028125
0 0.9734375 0.653125 0.05234375 0.2734375
1 0.4671875 0.69609375 0.01875 0.0375
1 0.48203125 0.6765625 0.01953125 0.034375
1 0.52890625 0.67109375 0.015625 0.01953125
1 0.1875 0.76796875 0.11875 0.09609375
1 0.39296875 0.71328125 0.0421875 0.0515625
1 0.5640625 0.68984375 0.01875 0.05546875
1 0.57734375 0.70546875 0.02421875 0.0640625
1 0.54140625 0.66015625 0.01484375 0.02109375
1 0.5546875 0.67109375 0.01484375 0.0234375
1 0.5078125 0.69453125 0.0578125 0.04140625
1 0.63828125 0.771875 0.1421875 0.22890625
1 0.0703125 0.7984375 0.13984375 0.11953125