1 0.0828125 0.403125 0.0546875 0.034375
1 0.11953125 0.409375 0.0296875 0.03046875
1 0.1484375 0.409375 0.02265625 0.03046875
1 0.45 0.42421875 0.0125 0.021875
1 0.47265625 0.428125 0.00625 0.01953125
1 0.4609375 0.42734375 0.01875 0.03203125
1 0.4 0.403125 0.08828125 0.084375
1 0.5375 0.428125 0.0125 0.0140625
1 0.55390625 0.4328125 0.00703125 0.015625
1 0.5671875 0.42890625 0.00859375 0.00859375
1 0.571875 0.4375 0.01953125 0.0265625
1 0.590625 0.440625 0.01875 0.02109375
1 0.6046875 0.44453125 0.021875 0.0265625
1 0.628125 0.44375 0.00859375 0.02109375
1 0.6453125 0.44296875 0.02890625 0.03359375
1 0.6640625 0.44609375 0.02265625 0.03203125
1 0.675 0.44921875 0.02265625 0.03203125
1 0.725 0.44921875 0.02890625 0.025
1 0.8140625 0.4625 0.0171875 0.021875
1 0.8453125 0.453125 0.0453125 0.034375
1 0.9734375 0.49609375 0.05078125 0.0859375
1 0.321875 0.578125 0.3078125 0.428125
1 0.4890625 0.43671875 0.03203125 0.05390625
1 0.528125 0.44375 0.0328125 0.04453125
1 0.8984375 0.534375 0.19453125 0.17890625
0 0.0828125 0.41875 0.01171875 0.0875
0 0.09609375 0.41875 0.015625 0.08046875
0 0.1625 0.41328125 0.00703125 0.04140625
0 0.7984375 0.47578125 0.01875 0.046875
0 0.9796875 0.4421875 0.0078125 0.02109375