1 0.428125 0.559375 0.009375 0.015625
1 0.434375 0.5640625 0.009375 0.015625
1 0.453125 0.57421875 0.01171875 0.01640625
1 0.48359375 0.58828125 0.0171875 0.01796875
1 0.5265625 0.584375 0.01953125 0.04609375
1 0.55 0.59140625 0.03828125 0.053125
1 0.39296875 0.5625 0.0125 0.01953125
1 0.35234375 0.5734375 0.0265625 0.025
1 0.3265625 0.59140625 0.028125 0.040625
1 0.175 0.596875 0.025 0.028125
1 0.1453125 0.60078125 0.0203125 0.02109375
1 0.10390625 0.5953125 0.03125 0.025
1 0.3046875 0.57109375 0.01015625 0.01796875