0 0.1578125 0.53671875 0.0171875 0.07890625
0 0.14375 0.540625 0.01484375 0.07890625
0 0.22734375 0.528125 0.0125 0.05390625
0 0.17890625 0.5328125 0.0171875 0.06953125
0 0.18984375 0.53828125 0.01796875 0.084375
0 0.2 0.540625 0.01484375 0.075
0 0.2125 0.53671875 0.01796875 0.075
0 0.6109375 0.51484375 0.0203125 0.0859375
0 0.5953125 0.521875 0.0171875 0.0734375
0 0.58125 0.509375 0.021875 0.075
0 0.70546875 0.52109375 0.03046875 0.11796875
1 0.45625 0.50546875 0.0203125 0.03046875
1 0.31171875 0.52578125 0.040625 0.0515625
1 0.3984375 0.51015625 0.01015625 0.01796875
1 0.4234375 0.49453125 0.0515625 0.109375
1 0.35390625 0.534375 0.05703125 0.08203125
1 0.81875 0.509375 0.13359375 0.10390625
0 0.91171875 0.5390625 0.0515625 0.15703125
1 0.0296875 0.603125 0.05859375 0.1984375
0 0.815625 0.54296875 0.0390625 0.13046875