1 0.04921875 0.6 0.0984375 0.09453125
1 0.50546875 0.54609375 0.034375 0.05
1 0.565625 0.559375 0.0375 0.05
1 0.3765625 0.559375 0.0484375 0.0609375
1 0.47578125 0.53828125 0.02578125 0.02890625
1 0.396875 0.559375 0.02421875 0.05546875
1 0.4078125 0.55703125 0.015625 0.05
1 0.4171875 0.5484375 0.02890625 0.04609375
1 0.4375 0.540625 0.0234375 0.04140625
1 0.45234375 0.5375 0.01171875 0.03359375
1 0.5515625 0.54296875 0.0265625 0.0375
1 0.54375 0.52578125 0.015625 0.0359375
1 0.5421875 0.5125 0.015625 0.0265625