1 0.83671875 0.6453125 0.3234375 0.5109375
1 0.6859375 0.51875 0.19453125 0.259375
1 0.36875 0.38359375 0.02734375 0.07109375
1 0.3515625 0.39140625 0.0375 0.090625
1 0.334375 0.403125 0.03828125 0.0875
1 0.1296875 0.46328125 0.053125 0.08359375
1 0.2109375 0.4609375 0.08515625 0.05859375
1 0.16171875 0.45234375 0.03359375 0.04296875
1 0.29375 0.4171875 0.07734375 0.1265625
1 0.4375 0.490625 0.12421875 0.1984375
1 0.0359375 0.48203125 0.071875 0.09609375
1 0.084375 0.4625 0.053125 0.07109375
1 0.6078125 0.43359375 0.0421875 0.07890625