0 0.84140625 0.47890625 0.0171875 0.075
0 0.78125 0.5015625 0.0265625 0.09140625
1 0.5921875 0.5953125 0.40078125 0.4765625
1 0.99375 0.553125 0.009375 0.1
1 0.109375 0.51328125 0.1609375 0.19296875
1 0.0203125 0.534375 0.03984375 0.090625
1 0.196875 0.515625 0.015625 0.06796875
1 0.22421875 0.51796875 0.03515625 0.05546875
1 0.2859375 0.50703125 0.07734375 0.084375
1 0.33671875 0.50859375 0.02421875 0.05703125
1 0.35625 0.50703125 0.015625 0.046875
1 0.378125 0.5046875 0.028125 0.04296875
1 0.40390625 0.5078125 0.02265625 0.0515625