0 0.784375 0.50546875 0.01875 0.08203125
0 0.759375 0.50703125 0.01484375 0.065625
0 0.6703125 0.52109375 0.01953125 0.0890625
0 0.975 0.5125 0.03828125 0.18046875
0 0.93125 0.52578125 0.0484375 0.1734375
0 0.7421875 0.50078125 0.01484375 0.071875
1 0.5609375 0.5140625 0.01171875 0.01953125
1 0.56875 0.5125 0.01484375 0.02109375
1 0.58125 0.515625 0.02109375 0.0375
1 0.5171875 0.5125 0.0171875 0.040625
1 0.4515625 0.51484375 0.01875 0.04453125
1 0.328125 0.5359375 0.03828125 0.04453125
1 0.190625 0.55234375 0.04609375 0.08203125
1 0.096875 0.56875 0.11328125 0.09140625
1 0.534375 0.51640625 0.03046875 0.05546875
1 0.4765625 0.51796875 0.03984375 0.0625
1 0.3984375 0.5359375 0.11328125 0.1609375
1 0.2390625 0.553125 0.103125 0.084375
1 0.02265625 0.57890625 0.0453125 0.0984375