1 0.03828125 0.55234375 0.0765625 0.14296875
1 0.2125 0.4953125 0.084375 0.10390625
1 0.2640625 0.49921875 0.0375 0.075
1 0.2890625 0.49140625 0.0375 0.059375
1 0.31484375 0.48671875 0.03359375 0.05
1 0.340625 0.478125 0.03046875 0.05
1 0.36015625 0.47890625 0.01875 0.03046875
1 0.371875 0.47421875 0.021875 0.03359375
1 0.3859375 0.46875 0.01484375 0.0265625
1 0.58828125 0.521875 0.06484375 0.1265625
1 0.5328125 0.49140625 0.0703125 0.09296875
1 0.49375 0.4953125 0.02578125 0.075
1 0.48359375 0.4890625 0.02890625 0.0625
1 0.46875 0.48359375 0.02578125 0.05546875
1 0.4515625 0.48046875 0.0171875 0.02890625
1 0.44296875 0.47421875 0.01640625 0.025
1 0.6921875 0.55546875 0.2109375 0.21953125
1 0.421875 0.47109375 0.021875 0.021875
1 0.3953125 0.46875 0.0140625 0.0140625