1 0.4890625 0.428125 0.01484375 0.04609375
1 0.50625 0.44140625 0.01875 0.0390625
1 0.421875 0.4421875 0.0140625 0.05
1 0.4 0.44765625 0.0359375 0.04296875
1 0.521875 0.446875 0.03359375 0.04140625
1 0.3609375 0.471875 0.046875 0.09296875
1 0.3265625 0.459375 0.0421875 0.121875
1 0.58046875 0.44140625 0.06171875 0.1140625
1 0.6265625 0.4640625 0.0890625 0.1515625
1 0.734375 0.48046875 0.2109375 0.3015625
1 0.896875 0.61015625 0.20625 0.346875
1 0.2546875 0.496875 0.15546875 0.2015625
1 0.45703125 0.46015625 0.0640625 0.1