1 0.10625 0.5 0.18515625 0.18203125
1 0.23203125 0.48828125 0.08515625 0.1140625
1 0.265625 0.465625 0.075 0.0984375
1 0.309375 0.465625 0.04140625 0.07890625
1 0.3375 0.45703125 0.034375 0.05703125
1 0.36015625 0.453125 0.0265625 0.05
1 0.37265625 0.453125 0.009375 0.046875
1 0.3875 0.44765625 0.0171875 0.0390625
1 0.4171875 0.4375 0.01171875 0.0265625
1 0.425 0.43359375 0.00859375 0.0234375
1 0.53671875 0.45390625 0.04921875 0.07109375
1 0.50625 0.4421875 0.03125 0.0609375
1 0.49375 0.4359375 0.01875 0.04609375
1 0.4828125 0.43046875 0.0125 0.0265625
1 0.475 0.4296875 0.01328125 0.021875
1 0.4609375 0.43203125 0.0125 0.025