1 0.225 0.25390625 0.14921875 0.2234375
1 0.471875 0.30234375 0.06640625 0.09609375
1 0.65546875 0.315625 0.06328125 0.1234375
0 0.721875 0.328125 0.015625 0.05703125
0 0.88984375 0.35390625 0.01328125 0.0640625
0 0.9078125 0.3625 0.0171875 0.0515625
0 0.76796875 0.33515625 0.02734375 0.0609375
1 0.5640625 0.3109375 0.01875 0.03359375
1 0.5140625 0.29921875 0.0171875 0.0265625
1 0.540625 0.3046875 0.015625 0.01640625
1 0.5984375 0.3171875 0.0171875 0.02109375
1 0.6171875 0.3125 0.02578125 0.05390625