0 0.34375 0.45625 0.009375 0.0265625
1 0.33515625 0.47734375 0.02109375 0.04453125
1 0.309375 0.475 0.0359375 0.05859375
1 0.2875 0.48125 0.03203125 0.0515625
1 0.471875 0.459375 0.0109375 0.028125
1 0.4328125 0.45859375 0.0171875 0.02109375
1 0.615625 0.49453125 0.05703125 0.09140625
1 0.38125 0.4609375 0.01328125 0.0265625
1 0.36796875 0.46796875 0.0265625 0.040625
1 0.246875 0.48359375 0.0671875 0.075
1 0.4890625 0.459375 0.01875 0.028125
1 0.45625 0.465625 0.03828125 0.0640625
1 0.54296875 0.48515625 0.08359375 0.134375