1 0.025 0.721875 0.05 0.2625
1 0.9203125 0.68671875 0.15859375 0.29453125
1 0.1234375 0.56015625 0.246875 0.3515625
1 0.24453125 0.52578125 0.1078125 0.20390625
1 0.30390625 0.53046875 0.04921875 0.12109375
1 0.3125 0.490625 0.07890625 0.1140625
1 0.3578125 0.490625 0.02578125 0.065625
1 0.671875 0.5359375 0.14765625 0.16796875
1 0.56953125 0.50859375 0.078125 0.096875
1 0.51875 0.49375 0.0421875 0.0625
1 0.4984375 0.4953125 0.0234375 0.0515625
1 0.4921875 0.48515625 0.03125 0.0515625
1 0.471875 0.47421875 0.0109375 0.02890625
1 0.46328125 0.47421875 0.009375 0.02890625
1 0.45625 0.46953125 0.0125 0.01953125
1 0.3796875 0.48828125 0.01640625 0.03203125
1 0.3890625 0.47578125 0.01875 0.0359375
1 0.40390625 0.47109375 0.0109375 0.021875