1 0.340625 0.584375 0.02890625 0.040625
1 0.3046875 0.60859375 0.04296875 0.0890625
1 0.271875 0.61484375 0.08984375 0.11953125
1 0.21796875 0.65234375 0.1203125 0.14296875
1 0.03125 0.81328125 0.06171875 0.26796875
1 0.0984375 0.7140625 0.19609375 0.25390625
1 0.4171875 0.59609375 0.02421875 0.0515625
1 0.365625 0.5921875 0.0359375 0.040625
1 0.475 0.61015625 0.053125 0.0765625
1 0.48984375 0.628125 0.03203125 0.0765625
1 0.5109375 0.63359375 0.071875 0.10390625
1 0.590625 0.67890625 0.15625 0.2140625
1 0.80703125 0.77578125 0.38359375 0.33359375
1 0.3875 0.653125 0.078125 0.128125
1 0.3921875 0.578125 0.03203125 0.02890625