0 0.18515625 0.5171875 0.03046875 0.1125
0 0.15703125 0.515625 0.0296875 0.11953125
1 0.35 0.47421875 0.04765625 0.03203125
1 0.2625 0.484375 0.0328125 0.028125
1 0.2234375 0.48125 0.028125 0.03359375
1 0.20078125 0.484375 0.015625 0.025
1 0.06640625 0.48984375 0.04453125 0.0390625
1 0.10625 0.4984375 0.0296875 0.04296875
1 0.028125 0.4890625 0.04296875 0.0359375
1 0.83203125 0.53515625 0.065625 0.05390625
1 0.6796875 0.515625 0.0171875 0.0265625
1 0.6890625 0.51875 0.0171875 0.03046875
1 0.64609375 0.51328125 0.01796875 0.021875
1 0.603125 0.51796875 0.03828125 0.0359375
1 0.459375 0.528125 0.0796875 0.08203125
1 0.9859375 0.55 0.0265625 0.05859375