1 0.4359375 0.4203125 0.03125 0.028125
1 0.39609375 0.4265625 0.0328125 0.04453125
1 0.384375 0.4390625 0.03359375 0.046875
1 0.365625 0.446875 0.0328125 0.0640625
1 0.34296875 0.4578125 0.0421875 0.0765625
1 0.31328125 0.471875 0.05234375 0.090625
1 0.50546875 0.41171875 0.02109375 0.0484375
1 0.51796875 0.4171875 0.0171875 0.06796875
1 0.5296875 0.415625 0.02109375 0.0765625
1 0.54609375 0.41875 0.03359375 0.10546875
1 0.57265625 0.4234375 0.04375 0.14140625
1 0.65625 0.4109375 0.18828125 0.28046875
1 0.8359375 0.47265625 0.3265625 0.54609375
1 0.1484375 0.7 0.296875 0.55
0 0.6109375 0.446875 0.05703125 0.27109375