1 0.290625 0.38984375 0.015625 0.02109375
1 0.275 0.3890625 0.01171875 0.0234375
1 0.14375 0.4 0.0234375 0.028125
1 0.1640625 0.4015625 0.01953125 0.0265625
1 0.6953125 0.390625 0.0359375 0.04140625
1 0.7328125 0.39453125 0.05703125 0.05390625
1 0.775 0.396875 0.05390625 0.05859375
1 0.8328125 0.4015625 0.075 0.0625
1 0.3640625 0.38125 0.0109375 0.0140625
1 0.1109375 0.40078125 0.03203125 0.040625
1 0.4359375 0.384375 0.01171875 0.01953125
1 0.4125 0.3890625 0.0109375 0.01953125
1 0.38046875 0.38828125 0.0109375 0.01640625
1 0.6046875 0.459375 0.1875 0.22109375
1 0.0046875 0.4046875 0.009375 0.034375