0 0.7234375 0.33671875 0.0265625 0.115625
1 0.3921875 0.29453125 0.01328125 0.02109375
1 0.3546875 0.29921875 0.025 0.040625
1 0.4515625 0.31171875 0.0421875 0.0625
1 0.371875 0.29375 0.01484375 0.02890625
1 0.38125 0.29375 0.01171875 0.021875
1 0.4109375 0.30078125 0.01484375 0.0359375
1 0.428125 0.3046875 0.0203125 0.04453125
1 0.3359375 0.29375 0.015625 0.01796875
1 0.25546875 0.290625 0.01328125 0.01640625
1 0.2375 0.29140625 0.021875 0.021875
1 0.19921875 0.28828125 0.025 0.02890625
1 0.1765625 0.2859375 0.02265625 0.03359375
1 0.14453125 0.28515625 0.0453125 0.05
1 0.0140625 0.296875 0.02734375 0.05546875
0 0.9265625 0.35078125 0.04375 0.171875