1 0.1046875 0.49921875 0.0984375 0.1015625
1 0.2015625 0.49375 0.03828125 0.0640625
1 0.23515625 0.49140625 0.02734375 0.075
1 0.2796875 0.48828125 0.04140625 0.07890625
1 0.3609375 0.4859375 0.02734375 0.07109375
1 0.3765625 0.48515625 0.02734375 0.0734375
1 0.41640625 0.4921875 0.0609375 0.09453125
1 0.325 0.49375 0.0578125 0.08203125
1 0.0109375 0.496875 0.02109375 0.1
0 0.475 0.4703125 0.015625 0.04296875
0 0.496875 0.45546875 0.01484375 0.0625
0 0.45859375 0.47734375 0.0125 0.05703125
0 0.66796875 0.4546875 0.02109375 0.14296875
0 0.7515625 0.46640625 0.0578125 0.17109375
0 0.68515625 0.50703125 0.04765625 0.203125
0 0.88046875 0.409375 0.0515625 0.1609375
1 0.9296875 0.5234375 0.13828125 0.4765625