1 0.24375 0.48984375 0.11171875 0.1
1 0.4375 0.48203125 0.03671875 0.0484375
1 0.5578125 0.48125 0.02734375 0.0390625
1 0.64453125 0.50625 0.06796875 0.07890625
0 0.96875 0.5609375 0.0609375 0.33203125
0 0.46875 0.48671875 0.03515625 0.13359375
0 0.703125 0.5078125 0.02265625 0.1140625
0 0.9390625 0.503125 0.03359375 0.1640625
1 0.3171875 0.490625 0.03828125 0.08359375
1 0.33671875 0.4796875 0.03984375 0.05546875
1 0.3671875 0.478125 0.03828125 0.053125
1 0.3921875 0.4828125 0.0234375 0.03359375
1 0.4109375 0.478125 0.01953125 0.03046875
1 0.49140625 0.471875 0.02109375 0.034375
1 0.4578125 0.471875 0.01171875 0.03359375
1 0.62109375 0.49296875 0.04453125 0.0640625
1 0.6 0.48828125 0.01875 0.05703125
1 0.5890625 0.4859375 0.02421875 0.0390625
1 0.5125 0.47421875 0.01953125 0.0265625
1 0.5296875 0.4734375 0.0171875 0.021875
0 0.83046875 0.4640625 0.03203125 0.07890625
0 0.7859375 0.4703125 0.0203125 0.078125