1 0.5546875 0.54453125 0.0140625 0.01796875
1 0.58125 0.54765625 0.01171875 0.0140625
1 0.50625 0.546875 0.01015625 0.0140625
1 0.4890625 0.540625 0.01171875 0.0140625
1 0.4546875 0.55 0.01015625 0.021875
1 0.46875 0.54765625 0.025 0.03046875
1 0.4328125 0.55 0.0125 0.021875
1 0.4 0.546875 0.025 0.025
1 0.3703125 0.5453125 0.03125 0.02890625
1 0.24375 0.54921875 0.05859375 0.03046875
1 0.3 0.546875 0.02890625 0.034375
1 0.1203125 0.540625 0.07421875 0.05703125
1 0.32421875 0.540625 0.025 0.0359375
1 0.675 0.559375 0.03203125 0.05
1 0.70390625 0.5640625 0.0390625 0.0609375
0 0.94375 0.59375 0.02421875 0.109375
1 0.1859375 0.50078125 0.05 0.040625
1 0.109375 0.4921875 0.07109375 0.0375
1 0.53125 0.54140625 0.01484375 0.01953125
0 0.98046875 0.60078125 0.0171875 0.07890625