1 0.3953125 0.45390625 0.0109375 0.028125
1 0.409375 0.45390625 0.01953125 0.034375
1 0.4140625 0.4640625 0.0171875 0.0265625
1 0.41875 0.478125 0.01171875 0.03046875
1 0.440625 0.4890625 0.03515625 0.04453125
1 0.5078125 0.490625 0.06171875 0.09140625
1 0.53125 0.509375 0.06953125 0.08359375
1 0.60625 0.5140625 0.11796875 0.1515625
1 0.70703125 0.559375 0.20390625 0.1890625
1 0.3578125 0.478125 0.03046875 0.04453125
1 0.296875 0.47890625 0.03515625 0.05
1 0.2703125 0.4734375 0.03046875 0.04140625
1 0.2375 0.47265625 0.03046875 0.0484375
1 0.046875 0.47109375 0.06953125 0.078125
1 0.15 0.4796875 0.1546875 0.16640625
1 0.940625 0.67578125 0.11015625 0.2734375