1 0.171875 0.51171875 0.0625 0.0640625
1 0.2359375 0.528125 0.0515625 0.0515625
1 0.2921875 0.534375 0.0515625 0.0484375
1 0.89375 0.68671875 0.165625 0.11640625
1 0.97109375 0.890625 0.0546875 0.21796875
1 0.49296875 0.571875 0.01953125 0.03046875
1 0.52890625 0.57734375 0.03203125 0.0375
1 0.58125 0.59453125 0.0125 0.04609375
1 0.55625 0.58828125 0.0390625 0.05
1 0.734375 0.69765625 0.2 0.2765625
1 0.63203125 0.615625 0.07109375 0.08046875
1 0.525 0.546875 0.0234375 0.02109375
1 0.98671875 0.709375 0.02265625 0.05546875