1 0.4484375 0.646875 0.01640625 0.0265625
1 0.43046875 0.64453125 0.0203125 0.0375
1 0.4109375 0.65 0.0234375 0.0375
1 0.403125 0.65625 0.02265625 0.040625
1 0.3875 0.65078125 0.02890625 0.05
1 0.371875 0.66171875 0.02890625 0.06953125
1 0.525 0.64765625 0.015625 0.0375
1 0.54296875 0.65625 0.02109375 0.06796875
1 0.5625 0.65703125 0.0328125 0.0859375
1 0.65 0.66796875 0.05234375 0.0984375
1 0.584375 0.6578125 0.025 0.09140625
1 0.32578125 0.65703125 0.0796875 0.10390625
1 0.828125 0.6234375 0.34140625 0.49140625
0 0.6125 0.646875 0.059375 0.2890625