1 0.38046875 0.4421875 0.02265625 0.040625
1 0.36875 0.440625 0.0265625 0.046875
1 0.4296875 0.44765625 0.0109375 0.0234375
1 0.43515625 0.45078125 0.0109375 0.03359375
1 0.446875 0.44921875 0.01953125 0.03046875
1 0.46015625 0.44453125 0.01875 0.05390625
1 0.47265625 0.44765625 0.03046875 0.0609375
1 0.4875 0.4515625 0.03203125 0.06796875
1 0.51328125 0.46328125 0.0453125 0.09609375
1 0.353125 0.453125 0.03203125 0.046875
1 0.3 0.4546875 0.09765625 0.13203125
1 0.5515625 0.4734375 0.08984375 0.1125