1 0.3859375 0.45625 0.0125 0.040625
1 0.375 0.46328125 0.02109375 0.0359375
0 0.3640625 0.48125 0.0125 0.05
1 0.353125 0.46953125 0.01640625 0.04453125
1 0.340625 0.475 0.02421875 0.046875
1 0.31953125 0.484375 0.0265625 0.06953125
1 0.30625 0.49609375 0.0328125 0.06953125
1 0.284375 0.50234375 0.04140625 0.07890625
1 0.24921875 0.5171875 0.0625 0.1
1 0.5171875 0.48828125 0.03203125 0.075
1 0.5921875 0.50234375 0.11328125 0.13203125
1 0.74296875 0.55703125 0.2421875 0.225
1 0.1109375 0.53203125 0.221875 0.1953125
1 0.9 0.590625 0.196875 0.38046875
1 0.45390625 0.52265625 0.1328125 0.1734375