1 0.453125 0.51875 0.01875 0.021875
1 0.43125 0.51875 0.015625 0.021875
1 0.4015625 0.5234375 0.01171875 0.01640625
1 0.38828125 0.52890625 0.01640625 0.0265625
1 0.2515625 0.54921875 0.04765625 0.07890625
1 0.2015625 0.5515625 0.0546875 0.08359375
1 0.14765625 0.559375 0.0671875 0.103125
1 0.05859375 0.578125 0.11484375 0.1125
1 0.5640625 0.56953125 0.0671875 0.11953125
1 0.61640625 0.584375 0.10078125 0.171875
1 0.73515625 0.6296875 0.2515625 0.27890625
1 0.88359375 0.71484375 0.23125 0.50859375
1 0.4921875 0.52890625 0.0078125 0.01640625
1 0.5015625 0.534375 0.015625 0.025