1 0.49296875 0.4046875 0.03359375 0.0484375
1 0.53984375 0.41171875 0.04609375 0.05546875
1 0.58515625 0.42421875 0.04921875 0.0890625
1 0.2265625 0.52265625 0.1375 0.1765625
1 0.10703125 0.59921875 0.2140625 0.3375
1 0.9421875 0.35390625 0.06875 0.065625
1 0.8359375 0.3796875 0.103125 0.0640625
1 0.6796875 0.4859375 0.2140625 0.25
1 0.91171875 0.66171875 0.17421875 0.51796875
0 0.359375 0.4328125 0.01640625 0.04296875
0 0.328125 0.4375 0.0140625 0.0625
0 0.3390625 0.440625 0.0109375 0.05859375
0 0.3484375 0.4390625 0.0109375 0.0515625
0 0.315625 0.44453125 0.0109375 0.05546875
0 0.75703125 0.3765625 0.0140625 0.075
0 0.715625 0.35625 0.00625 0.01953125
0 0.678125 0.3609375 0.00625 0.01796875
0 0.775 0.3796875 0.01875 0.06953125
0 0.7921875 0.378125 0.01484375 0.078125
1 0.453125 0.54609375 0.36640625 0.43203125
0 0.28984375 0.446875 0.01796875 0.0984375