1 0.0921875 0.36015625 0.146875 0.146875
1 0.19140625 0.35078125 0.05234375 0.09296875
1 0.2375 0.340625 0.03984375 0.0765625
1 0.271875 0.33359375 0.03125 0.0640625
1 0.3 0.31875 0.04921875 0.06640625
1 0.3328125 0.31875 0.0296875 0.04609375
1 0.3546875 0.31328125 0.0265625 0.0484375
1 0.37265625 0.31171875 0.0109375 0.04296875
1 0.40625 0.30546875 0.01875 0.04296875
1 0.4234375 0.3 0.02265625 0.040625
1 0.440625 0.3 0.0171875 0.03046875
1 0.45390625 0.2953125 0.0109375 0.0375
1 0.4703125 0.2984375 0.01796875 0.025
1 0.83359375 0.35078125 0.0546875 0.08046875
1 0.9625 0.35859375 0.06953125 0.07109375
1 0.66015625 0.33828125 0.04296875 0.08046875
1 0.3875 0.309375 0.02421875 0.04296875