1 0.5265625 0.340625 0.0265625 0.0390625
1 0.5046875 0.34140625 0.0171875 0.021875
1 0.4890625 0.34140625 0.009375 0.0140625
1 0.48125 0.34609375 0.0171875 0.021875
1 0.46796875 0.35 0.01484375 0.021875
1 0.45859375 0.35546875 0.0171875 0.02890625
1 0.44609375 0.36015625 0.01640625 0.03046875
1 0.4375 0.37109375 0.021875 0.04296875
1 0.43203125 0.3703125 0.01875 0.0375
1 0.41640625 0.3765625 0.03125 0.05
1 0.40078125 0.384375 0.028125 0.05859375
1 0.3875 0.38984375 0.02578125 0.0640625
1 0.3734375 0.4015625 0.03046875 0.09140625
1 0.3640625 0.4015625 0.0421875 0.09140625
1 0.3453125 0.40234375 0.05 0.11796875
1 0.3265625 0.41328125 0.06640625 0.10859375
1 0.28125 0.43515625 0.06328125 0.1390625
1 0.23203125 0.446875 0.1125 0.15546875
1 0.15859375 0.475 0.11484375 0.19609375
1 0.07421875 0.525 0.14765625 0.14140625
1 0.546875 0.34296875 0.01015625 0.02109375
1 0.553125 0.340625 0.01015625 0.01796875
1 0.56640625 0.340625 0.0171875 0.01796875
1 0.59296875 0.33828125 0.01875 0.0265625
1 0.6140625 0.334375 0.0234375 0.02890625
1 0.625 0.334375 0.0125 0.04140625
1 0.6390625 0.3359375 0.02109375 0.0390625
1 0.65546875 0.3359375 0.01953125 0.0515625
1 0.6765625 0.3359375 0.0234375 0.06796875
1 0.690625 0.33671875 0.02578125 0.0625
1 0.71875 0.33046875 0.03828125 0.08359375
1 0.7546875 0.353125 0.05390625 0.075