1 0.4390625 0.609375 0.009375 0.0140625
1 0.45546875 0.61328125 0.009375 0.0125
1 0.5140625 0.621875 0.05078125 0.0625
1 0.55 0.625 0.0328125 0.0359375
1 0.66640625 0.64453125 0.07734375 0.0859375
1 0.29921875 0.6046875 0.0328125 0.0359375
1 0.196875 0.60625 0.0421875 0.04609375
1 0.1546875 0.60625 0.05078125 0.05859375
1 0.3453125 0.5984375 0.021875 0.025
1 0.0984375 0.6125 0.06796875 0.0609375
1 0.2203125 0.60546875 0.01953125 0.04140625
1 0.23828125 0.609375 0.0234375 0.0359375
1 0.25546875 0.603125 0.01796875 0.03046875
1 0.48046875 0.61640625 0.01328125 0.015625