1 0.3875 0.55390625 0.025 0.02109375
1 0.36328125 0.5578125 0.01015625 0.01796875
1 0.3328125 0.55078125 0.02265625 0.028125
1 0.29296875 0.55625 0.03515625 0.04296875
1 0.2203125 0.553125 0.028125 0.040625
1 0.46484375 0.5609375 0.0203125 0.028125
1 0.4828125 0.559375 0.01171875 0.01796875
1 0.53359375 0.55703125 0.01875 0.028125
1 0.7484375 0.5484375 0.07578125 0.059375
1 0.8203125 0.546875 0.08125 0.06796875
1 0.890625 0.54375 0.053125 0.07109375
1 0.96015625 0.546875 0.0796875 0.07109375
1 0.0421875 0.615625 0.08359375 0.20859375
1 0.51328125 0.55625 0.01328125 0.01796875
1 0.5 0.5609375 0.01328125 0.01796875