0 0.9359375 0.50234375 0.0515625 0.225
0 0.6625 0.5109375 0.04453125 0.253125
0 0.6140625 0.4953125 0.05234375 0.26640625
0 0.565625 0.5 0.05 0.271875
0 0.5234375 0.490625 0.0484375 0.22109375
0 0.49375 0.49140625 0.0265625 0.1984375
0 0.46640625 0.55 0.03046875 0.1015625
0 0.36796875 0.53125 0.05234375 0.29296875
0 0.2734375 0.534375 0.07265625 0.346875
0 0.33515625 0.48828125 0.03203125 0.196875
0 0.09765625 0.45625 0.0109375 0.040625
0 0.0890625 0.45078125 0.01328125 0.028125
0 0.009375 0.46953125 0.01328125 0.0515625
1 0.02109375 0.475 0.015625 0.040625
1 0.05625 0.48359375 0.0671875 0.10859375