0 0.0609375 0.6640625 0.028125 0.0984375
0 0.83984375 0.64609375 0.0296875 0.0859375
0 0.975 0.65703125 0.02734375 0.11953125
1 0.50390625 0.609375 0.0125 0.02109375
1 0.478125 0.60234375 0.0125 0.025
1 0.44609375 0.61015625 0.01875 0.03359375
1 0.428125 0.615625 0.015625 0.03046875
1 0.409375 0.6234375 0.015625 0.021875
1 0.38828125 0.634375 0.0296875 0.0375
1 0.36015625 0.6296875 0.028125 0.046875
0 0.19453125 0.65 0.01484375 0.04140625
1 0.24609375 0.65390625 0.04609375 0.05390625
1 0.53203125 0.6109375 0.04609375 0.065625
1 0.6046875 0.6375 0.0515625 0.09140625
1 0.4921875 0.61328125 0.0125 0.02109375
1 0.46484375 0.62109375 0.02109375 0.025