1 0.4953125 0.52421875 0.01328125 0.01640625
1 0.5015625 0.52578125 0.0125 0.01953125
1 0.509375 0.528125 0.0109375 0.01953125
1 0.51875 0.52265625 0.01484375 0.01953125
1 0.53203125 0.52890625 0.01875 0.03203125
1 0.4828125 0.521875 0.0125 0.0265625
1 0.471875 0.52578125 0.009375 0.03359375
1 0.46328125 0.51953125 0.01796875 0.0359375
1 0.4390625 0.5265625 0.04609375 0.07109375
1 0.5578125 0.540625 0.034375 0.0484375
1 0.21328125 0.609375 0.26640625 0.26953125
1 0.334375 0.5 0.0875 0.09453125
0 0.775 0.56171875 0.02578125 0.11640625