1 0.2578125 0.5984375 0.2578125 0.271875
1 0.08046875 0.60390625 0.16015625 0.2734375
1 0.37421875 0.52734375 0.05546875 0.075
1 0.3796875 0.50859375 0.08203125 0.06953125
1 0.53125 0.490625 0.0140625 0.025
1 0.5015625 0.4984375 0.01171875 0.02109375
1 0.46171875 0.4984375 0.0109375 0.04140625
1 0.596875 0.4828125 0.0171875 0.02890625
1 0.61328125 0.49296875 0.03046875 0.04453125
1 0.6328125 0.48125 0.0125 0.02890625
1 0.69921875 0.50078125 0.03515625 0.0625
1 0.728125 0.49609375 0.03671875 0.05
1 0.565625 0.52421875 0.078125 0.10859375
1 0.6609375 0.50703125 0.06953125 0.0859375
1 0.5171875 0.50078125 0.02578125 0.0359375
1 0.9453125 0.5125 0.08984375 0.11953125
1 0.95625 0.61171875 0.0828125 0.38359375
0 0.434375 0.5 0.009375 0.04140625
0 0.41796875 0.4984375 0.00546875 0.025
0 0.40859375 0.4953125 0.00703125 0.021875