0 0.69453125 0.4515625 0.04375 0.1890625
0 0.90078125 0.45546875 0.04453125 0.1734375
0 0.6390625 0.4125 0.015625 0.05546875
1 0.06328125 0.42890625 0.1265625 0.14453125
1 0.1515625 0.42109375 0.08984375 0.12109375
1 0.209375 0.40546875 0.05625 0.10703125
1 0.25703125 0.40703125 0.05546875 0.06953125
1 0.29140625 0.409375 0.02890625 0.0625
1 0.4375 0.40234375 0.059375 0.09296875
1 0.5578125 0.396875 0.0390625 0.065625
1 0.340625 0.378125 0.0546875 0.08359375
1 0.390625 0.39609375 0.03203125 0.0359375
1 0.4109375 0.3828125 0.01484375 0.0234375
1 0.534375 0.396875 0.01171875 0.034375
1 0.5265625 0.396875 0.01171875 0.03046875
1 0.5171875 0.39296875 0.01328125 0.028125
1 0.5078125 0.3875 0.00859375 0.01953125
1 0.4703125 0.38515625 0.01171875 0.02109375
1 0.4765625 0.38828125 0.015625 0.01796875