1 0.03984375 0.31015625 0.07578125 0.19296875
1 0.184375 0.3109375 0.0859375 0.09140625
1 0.4484375 0.33671875 0.0453125 0.053125
1 0.24375 0.3109375 0.0421875 0.0609375
1 0.43203125 0.32890625 0.03125 0.05546875
1 0.4171875 0.32109375 0.01953125 0.03046875
1 0.31875 0.30234375 0.0203125 0.0265625
1 0.3359375 0.3 0.0109375 0.0234375
1 0.4015625 0.31953125 0.0109375 0.03359375
1 0.3890625 0.31484375 0.0125 0.0265625
1 0.378125 0.31015625 0.0109375 0.02109375
1 0.36640625 0.30859375 0.01171875 0.028125
1 0.35625 0.30703125 0.0078125 0.0234375