1 0.70859375 0.484375 0.13046875 0.13359375
0 0.7421875 0.40703125 0.01484375 0.028125
1 0.64375 0.459375 0.09765625 0.128125
1 0.5578125 0.4484375 0.04296875 0.04140625
1 0.33359375 0.440625 0.02109375 0.021875
1 0.175 0.4546875 0.07421875 0.06796875
1 0.421875 0.43671875 0.0125 0.02109375
1 0.59765625 0.43984375 0.025 0.02890625
1 0.534375 0.44453125 0.02109375 0.04296875
1 0.5234375 0.44140625 0.01484375 0.03046875
1 0.5015625 0.44375 0.015625 0.02109375
1 0.353125 0.440625 0.0078125 0.01953125
1 0.3640625 0.44140625 0.00859375 0.01640625
1 0.3765625 0.440625 0.0078125 0.0140625
1 0.40390625 0.4359375 0.01484375 0.021875
1 0.4328125 0.4328125 0.00859375 0.0125
1 0.446875 0.4328125 0.009375 0.0125
1 0.4546875 0.43359375 0.0078125 0.0140625
1 0.46875 0.434375 0.0125 0.0140625