1 0.2328125 0.5546875 0.0359375 0.05390625
1 0.2140625 0.5671875 0.0328125 0.075
1 0.1828125 0.5671875 0.04609375 0.075
1 0.15 0.5890625 0.0421875 0.075
1 0.3375 0.56640625 0.01484375 0.02109375
1 0.35 0.565625 0.01953125 0.0234375
1 0.36875 0.56171875 0.0265625 0.0265625
1 0.3875 0.5640625 0.02109375 0.03046875
1 0.40625 0.565625 0.0234375 0.03359375
1 0.425 0.57734375 0.02109375 0.0375
1 0.4421875 0.57578125 0.0265625 0.040625
1 0.4578125 0.58046875 0.025 0.04453125
1 0.4765625 0.5828125 0.0359375 0.0640625
1 0.496875 0.5828125 0.040625 0.0640625
1 0.53125 0.5890625 0.05546875 0.07109375
1 0.265625 0.56328125 0.0234375 0.028125
1 0.31015625 0.5640625 0.01875 0.03046875
1 0.5984375 0.59609375 0.10703125 0.1125
1 0.1015625 0.603125 0.0953125 0.0984375
1 0.0203125 0.6234375 0.03984375 0.1125
1 0.71015625 0.575 0.0859375 0.0515625