1 0.48515625 0.365625 0.0234375 0.01640625
1 0.465625 0.3640625 0.01015625 0.01640625
1 0.446875 0.3671875 0.0265625 0.03046875
1 0.4015625 0.37890625 0.0421875 0.0359375
1 0.35703125 0.378125 0.0421875 0.04453125
1 0.2609375 0.3671875 0.0515625 0.05703125
1 0.1625 0.43046875 0.2078125 0.2125
1 0.5796875 0.38125 0.01015625 0.02109375
1 0.54453125 0.378125 0.01328125 0.02109375
1 0.51796875 0.36171875 0.0125 0.015625
1 0.59609375 0.37890625 0.021875 0.0265625
1 0.5625 0.384375 0.03203125 0.04453125
1 0.6640625 0.40625 0.075 0.1015625
1 0.9890625 0.5671875 0.01953125 0.14140625
1 0.309375 0.38046875 0.05703125 0.071875
1 0.0671875 0.37109375 0.0390625 0.05703125