0 0.49375 0.55078125 0.0125 0.053125
1 0.375 0.53515625 0.01328125 0.0265625
1 0.3625 0.53828125 0.0125 0.02890625
1 0.346875 0.5390625 0.0171875 0.0375
1 0.3296875 0.540625 0.01875 0.04296875
1 0.3078125 0.54140625 0.03203125 0.05
1 0.2828125 0.5453125 0.0359375 0.059375
1 0.5078125 0.5359375 0.01015625 0.025
1 0.5125 0.540625 0.009375 0.0234375
1 0.5203125 0.54296875 0.0125 0.02109375
1 0.53125 0.54921875 0.0140625 0.0359375
1 0.53984375 0.55390625 0.01875 0.04453125
1 0.56015625 0.54765625 0.03046875 0.06796875
1 0.58125 0.553125 0.04609375 0.0734375
1 0.6171875 0.56640625 0.08359375 0.10546875
1 0.709375 0.59609375 0.14140625 0.16953125
1 0.8421875 0.65 0.27578125 0.22890625
1 0.23515625 0.546875 0.07890625 0.08046875
1 0.45625 0.5328125 0.0171875 0.025
1 0.3984375 0.53828125 0.02890625 0.0390625
1 0.46796875 0.53359375 0.009375 0.01796875
1 0.94453125 0.69375 0.10625 0.20859375