1 0.4578125 0.4453125 0.01484375 0.0265625
1 0.4953125 0.4421875 0.01015625 0.03359375
1 0.546875 0.44453125 0.021875 0.025
1 0.478125 0.44296875 0.028125 0.04296875
1 0.5234375 0.440625 0.02109375 0.03359375
1 0.4234375 0.45859375 0.04765625 0.0625
1 0.56875 0.45078125 0.021875 0.02109375
1 0.6015625 0.45078125 0.0234375 0.03359375
0 0.1109375 0.52734375 0.04375 0.24296875
0 0.053125 0.5296875 0.06875 0.26953125
0 0.390625 0.4359375 0.01171875 0.034375
1 0.62734375 0.45390625 0.02109375 0.02109375
0 0.66640625 0.45546875 0.01171875 0.034375
0 0.87265625 0.4765625 0.01328125 0.06953125
0 0.703125 0.45234375 0.01015625 0.03359375