1 0.475 0.46171875 0.01640625 0.03046875
1 0.46484375 0.465625 0.0171875 0.0234375
1 0.4515625 0.465625 0.01953125 0.0375
1 0.3921875 0.48203125 0.04140625 0.05390625
1 0.4296875 0.47109375 0.01875 0.0390625
1 0.4125 0.47265625 0.02421875 0.04296875
1 0.2515625 0.509375 0.06796875 0.10859375
1 0.121875 0.51796875 0.18515625 0.18203125
1 0.49375 0.45859375 0.02109375 0.040625
1 0.51953125 0.459375 0.01328125 0.021875
1 0.54921875 0.45859375 0.01171875 0.03203125
1 0.55625 0.45859375 0.01953125 0.034375
1 0.5609375 0.4625 0.0234375 0.04296875
1 0.5984375 0.484375 0.0359375 0.0984375
1 0.6375 0.465625 0.09296875 0.18203125
1 0.7859375 0.54140625 0.30390625 0.303125