1 0.49609375 0.3890625 0.0140625 0.02109375
1 0.5125 0.38984375 0.02265625 0.03046875
1 0.5265625 0.38984375 0.02421875 0.0359375
1 0.54375 0.403125 0.034375 0.05546875
1 0.47109375 0.3921875 0.01875 0.02109375
1 0.4625 0.390625 0.01875 0.028125
1 0.440625 0.39453125 0.015625 0.04296875
1 0.428125 0.39609375 0.02734375 0.06640625
1 0.40625 0.4046875 0.03515625 0.0859375
1 0.36953125 0.4078125 0.0671875 0.096875
1 0.334375 0.440625 0.09765625 0.13203125
1 0.66796875 0.35390625 0.2140625 0.3515625
1 0.45 0.390625 0.01328125 0.040625