0 0.1421875 0.390625 0.0328125 0.1015625
0 0.7 0.41875 0.02890625 0.16640625
0 0.1890625 0.378125 0.01875 0.07890625
1 0.3484375 0.3875 0.0359375 0.0515625
1 0.32578125 0.3875 0.02890625 0.0609375
1 0.2984375 0.39375 0.03984375 0.071875
1 0.74296875 0.396875 0.06171875 0.065625
1 0.78671875 0.396875 0.02734375 0.04140625
1 0.3921875 0.3796875 0.03984375 0.05703125
1 0.42421875 0.378125 0.01953125 0.0234375
1 0.496875 0.3859375 0.015625 0.0265625
1 0.2421875 0.38984375 0.08984375 0.103125
1 0.45234375 0.384375 0.0265625 0.03359375
1 0.89296875 0.41640625 0.06640625 0.05703125