1 0.0234375 0.453125 0.0453125 0.15703125
1 0.9625 0.4734375 0.06796875 0.07109375
1 0.89453125 0.4765625 0.06328125 0.05390625
1 0.84296875 0.475 0.06015625 0.05703125
1 0.7375 0.4765625 0.0453125 0.0625
1 0.79140625 0.465625 0.05859375 0.0640625
0 0.80234375 0.48203125 0.02890625 0.06640625
0 0.77578125 0.490625 0.02265625 0.08359375
0 0.75 0.4890625 0.0203125 0.0765625
1 0.190625 0.45703125 0.02734375 0.034375
1 0.21875 0.459375 0.025 0.0484375
1 0.24140625 0.45625 0.02734375 0.05390625
1 0.0640625 0.471875 0.03671875 0.040625
0 0.2921875 0.46328125 0.0140625 0.04453125