1 0.8859375 0.63359375 0.2234375 0.24140625
1 0.759375 0.5453125 0.16328125 0.1984375
1 0.646875 0.5609375 0.06015625 0.103125
1 0.60546875 0.546875 0.03984375 0.0640625
1 0.2390625 0.546875 0.11796875 0.11796875
1 0.3171875 0.540625 0.03515625 0.05546875
1 0.3640625 0.53984375 0.05625 0.07109375
1 0.409375 0.5328125 0.0328125 0.05
1 0.44375 0.52421875 0.03671875 0.04453125
1 0.478125 0.51328125 0.03046875 0.053125
1 0.503125 0.50859375 0.0171875 0.04296875
1 0.571875 0.528125 0.03046875 0.0375
1 0.54921875 0.5171875 0.01171875 0.04296875
1 0.540625 0.5109375 0.009375 0.03046875