1 0.4484375 0.5875 0.03203125 0.04453125
1 0.40703125 0.58515625 0.01796875 0.0640625
1 0.359375 0.609375 0.0984375 0.13046875
1 0.5015625 0.603125 0.06484375 0.090625
1 0.553125 0.57578125 0.01171875 0.03359375
1 0.56484375 0.57578125 0.01171875 0.0375
1 0.5796875 0.5734375 0.028125 0.0484375
1 0.6078125 0.5828125 0.0234375 0.04296875
1 0.61953125 0.5890625 0.0203125 0.05546875
1 0.64765625 0.590625 0.0484375 0.078125
1 0.68515625 0.60234375 0.0578125 0.09140625
1 0.7359375 0.6078125 0.10234375 0.13359375
1 0.8203125 0.63125 0.17734375 0.1640625
0 0.953125 0.565625 0.0359375 0.14296875
1 0.42421875 0.59140625 0.021875 0.053125
1 0.5875 0.584375 0.025 0.04140625