1 0.1578125 0.58046875 0.24765625 0.25
1 0.34375 0.51953125 0.06484375 0.08203125
1 0.4484375 0.4890625 0.0203125 0.0375
1 0.02890625 0.5625 0.0578125 0.11953125
1 0.3 0.5 0.03828125 0.04453125
1 0.265625 0.5125 0.03515625 0.0484375
1 0.3765625 0.496875 0.028125 0.04296875
1 0.4265625 0.48515625 0.01171875 0.02109375
1 0.41640625 0.484375 0.01015625 0.0234375
1 0.40390625 0.484375 0.01484375 0.02109375
1 0.39140625 0.48984375 0.01171875 0.02109375
1 0.4625 0.48828125 0.01015625 0.028125
0 0.55625 0.478125 0.0109375 0.046875
0 0.53671875 0.4796875 0.00859375 0.046875
0 0.6421875 0.39765625 0.02265625 0.065625
0 0.63125 0.54375 0.04375 0.3125
0 0.67421875 0.55859375 0.08125 0.409375
0 0.89921875 0.4984375 0.07578125 0.340625
0 0.94765625 0.5109375 0.07421875 0.3875
0 0.74375 0.571875 0.08984375 0.44296875
0 0.5125 0.50703125 0.01953125 0.140625
0 0.47890625 0.490625 0.01640625 0.0640625
1 0.890625 0.50234375 0.090625 0.10546875
1 0.81328125 0.50859375 0.0828125 0.10390625
0 0.4984375 0.490625 0.00859375 0.05