1 0.4046875 0.53046875 0.00703125 0.0140625
1 0.3953125 0.5359375 0.01171875 0.0265625
1 0.38828125 0.53671875 0.01484375 0.03359375
1 0.3765625 0.540625 0.01875 0.04453125
1 0.36484375 0.54375 0.02734375 0.0515625
1 0.3390625 0.559375 0.04921875 0.0734375
1 0.30625 0.56875 0.04375 0.12109375
1 0.45078125 0.5375 0.0125 0.03359375
1 0.46171875 0.5375 0.01171875 0.0359375
1 0.4734375 0.53828125 0.01640625 0.034375
1 0.478125 0.54375 0.015625 0.040625
1 0.49453125 0.546875 0.0328125 0.06953125
1 0.5375 0.575 0.0828125 0.12109375
1 0.6078125 0.59765625 0.14453125 0.1515625
1 0.42421875 0.5453125 0.0359375 0.05390625