1 0.45703125 0.5671875 0.01953125 0.0375
1 0.3984375 0.57734375 0.0359375 0.0609375
1 0.3609375 0.58046875 0.05390625 0.0875
1 0.5484375 0.559375 0.0109375 0.034375
1 0.55390625 0.565625 0.0109375 0.03359375
1 0.565625 0.571875 0.0234375 0.04140625
1 0.5859375 0.575 0.02890625 0.0515625
1 0.6109375 0.575 0.03828125 0.0890625
1 0.434375 0.571875 0.0328125 0.046875
1 0.3125 0.6015625 0.0953125 0.1015625
1 0.5359375 0.56171875 0.01484375 0.02109375
1 0.5046875 0.57734375 0.040625 0.05546875
1 0.63359375 0.5828125 0.03828125 0.1015625
1 0.67734375 0.5953125 0.090625 0.12109375