1 0.05234375 0.65859375 0.1046875 0.1390625
1 0.6546875 0.5984375 0.13828125 0.14140625
1 0.26640625 0.61171875 0.0796875 0.1
1 0.4375 0.578125 0.0265625 0.04140625
1 0.3171875 0.59765625 0.040625 0.08046875
1 0.3328125 0.5890625 0.03046875 0.0625
1 0.3671875 0.5890625 0.03359375 0.04609375
1 0.3890625 0.584375 0.0171875 0.04140625
1 0.40390625 0.5765625 0.0171875 0.02890625
1 0.5921875 0.58359375 0.0734375 0.109375
1 0.54609375 0.56640625 0.03984375 0.0765625
1 0.51875 0.57421875 0.0234375 0.04140625
1 0.5046875 0.57421875 0.02109375 0.04140625
1 0.49375 0.5703125 0.0171875 0.0375
1 0.4875 0.56640625 0.02109375 0.034375
1 0.465625 0.571875 0.021875 0.02890625
1 0.8015625 0.5515625 0.06875 0.06640625