1 0.37421875 0.51171875 0.01484375 0.025
1 0.3546875 0.51640625 0.025 0.028125
1 0.33125 0.52734375 0.025 0.02890625
1 0.309375 0.53515625 0.02578125 0.03359375
1 0.284375 0.5390625 0.01953125 0.02890625
1 0.2546875 0.540625 0.03984375 0.04453125
1 0.20234375 0.5390625 0.0640625 0.08203125
1 0.1296875 0.546875 0.10390625 0.13359375
1 0.0421875 0.4859375 0.06953125 0.04296875
1 0.0390625 0.54296875 0.078125 0.14140625
1 0.396875 0.51796875 0.0171875 0.015625
1 0.45 0.5125 0.0125 0.01640625
1 0.4609375 0.51796875 0.0203125 0.02109375
1 0.4734375 0.521875 0.02578125 0.03359375
1 0.48984375 0.52578125 0.0296875 0.0390625
1 0.525 0.5328125 0.046875 0.05703125
1 0.58046875 0.54765625 0.0765625 0.1109375
1 0.83203125 0.59921875 0.18203125 0.15546875