0 0.45 0.44609375 0.0078125 0.0375
1 0.490625 0.44921875 0.015625 0.0484375
1 0.503125 0.46328125 0.0328125 0.071875
1 0.603125 0.46640625 0.0171875 0.046875
1 0.61796875 0.465625 0.025 0.05859375
1 0.6359375 0.471875 0.0359375 0.07109375
1 0.6625 0.4796875 0.04765625 0.08203125
1 0.70546875 0.48515625 0.08671875 0.1125
1 0.775 0.50546875 0.1421875 0.15703125
0 0.90859375 0.4234375 0.02890625 0.0484375
1 0.5515625 0.48125 0.0953125 0.15
1 0.4765625 0.44375 0.015625 0.01953125
1 0.89140625 0.55625 0.21640625 0.215625
1 0.97890625 0.653125 0.040625 0.16640625
1 0.35625 0.46171875 0.03203125 0.04453125
0 0.959375 0.43203125 0.02109375 0.0265625