1 0.1046875 0.55703125 0.065625 0.075
1 0.5015625 0.5578125 0.0234375 0.0515625
1 0.484375 0.55703125 0.02265625 0.06796875
1 0.46953125 0.56796875 0.03828125 0.0890625
1 0.678125 0.56484375 0.028125 0.02890625
1 0.6984375 0.56875 0.02890625 0.03203125
1 0.83671875 0.596875 0.09296875 0.09453125
1 0.928125 0.6109375 0.14296875 0.11640625
1 0.33828125 0.578125 0.2546875 0.45390625
1 0.775 0.57109375 0.07578125 0.0859375
1 0.725 0.55703125 0.04765625 0.05859375
1 0.53046875 0.54921875 0.01484375 0.01953125