1 0.44609375 0.54453125 0.03046875 0.028125
1 0.4125 0.54609375 0.0109375 0.0140625
1 0.396875 0.54609375 0.0125 0.01640625
1 0.3546875 0.55234375 0.0125 0.0125
1 0.34453125 0.553125 0.0109375 0.02109375
1 0.334375 0.55625 0.0109375 0.02109375
1 0.31875 0.55859375 0.01875 0.028125
1 0.296875 0.553125 0.0265625 0.03359375
1 0.275 0.55859375 0.0234375 0.034375
1 0.2421875 0.55234375 0.04453125 0.05390625
1 0.2140625 0.56640625 0.028125 0.0375
1 0.1890625 0.571875 0.03046875 0.034375
1 0.159375 0.578125 0.03515625 0.04296875
1 0.12578125 0.58046875 0.02890625 0.04453125
1 0.090625 0.58359375 0.06171875 0.06796875
1 0.03359375 0.590625 0.0671875 0.090625
1 0.4859375 0.546875 0.0296875 0.0359375
1 0.52734375 0.53984375 0.0234375 0.028125
1 0.55625 0.54453125 0.01484375 0.04140625
1 0.5703125 0.54140625 0.015625 0.0359375
1 0.584375 0.54609375 0.01953125 0.0515625
1 0.6046875 0.54609375 0.0359375 0.0625
1 0.6234375 0.5546875 0.046875 0.05546875
1 0.6828125 0.56171875 0.090625 0.090625
1 0.78671875 0.5875 0.109375 0.134375
1 0.9046875 0.5875 0.18828125 0.25
1 0.50859375 0.5421875 0.01171875 0.01953125