1 0.0328125 0.584375 0.065625 0.25703125
1 0.1375 0.521875 0.2359375 0.25390625
1 0.253125 0.52265625 0.065625 0.1265625
1 0.76796875 0.52734375 0.32890625 0.3609375
1 0.48984375 0.48046875 0.009375 0.025
1 0.5 0.48046875 0.0109375 0.0359375
1 0.509375 0.48828125 0.01484375 0.05546875
1 0.53125 0.48515625 0.04296875 0.09140625
1 0.5515625 0.48125 0.04453125 0.1359375
1 0.57578125 0.4859375 0.053125 0.15859375
1 0.6109375 0.49765625 0.06796875 0.175
1 0.3125 0.5109375 0.0609375 0.07109375
1 0.35625 0.49921875 0.02734375 0.0515625
1 0.3734375 0.49609375 0.0265625 0.04609375
1 0.396875 0.4921875 0.01953125 0.034375
1 0.4171875 0.4890625 0.01640625 0.02890625
1 0.43125 0.48671875 0.01484375 0.028125
0 0.4578125 0.4875 0.015625 0.0734375
1 0.453125 0.48828125 0.03203125 0.046875
1 0.8921875 0.68125 0.2125 0.5359375