1 0.7078125 0.5078125 0.01484375 0.01640625
1 0.7375 0.509375 0.01171875 0.0265625
1 0.6671875 0.50625 0.01171875 0.0140625
1 0.725 0.5109375 0.01484375 0.028125
1 0.75625 0.509375 0.01328125 0.0265625
1 0.6859375 0.50625 0.025 0.04140625
1 0.65625 0.5046875 0.01328125 0.01640625
1 0.6375 0.51171875 0.0234375 0.03046875
1 0.6140625 0.50859375 0.02734375 0.04140625
1 0.584375 0.509375 0.040625 0.04453125
1 0.4609375 0.515625 0.0421875 0.046875
1 0.403125 0.5265625 0.078125 0.05390625
1 0.34921875 0.53046875 0.05234375 0.071875
1 0.26640625 0.53046875 0.06328125 0.06796875
1 0.18046875 0.553125 0.12890625 0.09453125
0 0.1921875 0.49765625 0.009375 0.02109375
1 0.0984375 0.5484375 0.0921875 0.0890625
1 0.01328125 0.565625 0.0265625 0.07109375
1 0.5109375 0.5046875 0.03984375 0.0609375