1 0.0234375 0.49453125 0.03671875 0.03046875
1 0.0765625 0.48828125 0.028125 0.0234375
1 0.1015625 0.503125 0.03515625 0.03359375
1 0.284375 0.54375 0.1453125 0.196875
1 0.1828125 0.48984375 0.02421875 0.03046875
1 0.20703125 0.50703125 0.03125 0.05859375
1 0.4078125 0.484375 0.009375 0.0125
1 0.44375 0.484375 0.00859375 0.0140625
1 0.4515625 0.4859375 0.00859375 0.0140625
1 0.46015625 0.484375 0.009375 0.0140625
1 0.465625 0.490625 0.00859375 0.0125
1 0.47578125 0.49140625 0.0125 0.0140625
1 0.1328125 0.4890625 0.03125 0.02890625