1 0.4359375 0.4484375 0.02109375 0.0375
1 0.5015625 0.453125 0.0109375 0.034375
1 0.5125 0.4546875 0.01796875 0.03203125
1 0.5453125 0.46484375 0.0171875 0.0390625
1 0.5609375 0.471875 0.0109375 0.0375
1 0.5703125 0.4734375 0.01796875 0.034375
1 0.584375 0.47421875 0.01328125 0.0375
1 0.609375 0.47109375 0.04765625 0.0609375
1 0.75 0.50859375 0.1453125 0.15546875
1 0.4703125 0.4828125 0.06484375 0.115625
1 0.371875 0.4640625 0.08203125 0.13359375
1 0.88125 0.6578125 0.23515625 0.4265625
1 0.41953125 0.471875 0.0109375 0.04453125
0 0.6875 0.46484375 0.01484375 0.0375