1 0.9078125 0.80703125 0.184375 0.34609375
1 0.759375 0.5984375 0.35390625 0.38203125
1 0.578125 0.55546875 0.1078125 0.20546875
1 0.52734375 0.5453125 0.05078125 0.140625
1 0.5046875 0.53828125 0.02265625 0.1015625
1 0.4890625 0.534375 0.01953125 0.0640625
1 0.44765625 0.51953125 0.021875 0.0359375
1 0.440625 0.54921875 0.01953125 0.07890625
1 0.4 0.553125 0.07578125 0.1625
1 0.28125 0.590625 0.246875 0.41796875
0 0.16875 0.52734375 0.015625 0.10703125
1 0.4671875 0.5203125 0.01953125 0.04453125