1 0.3796875 0.278125 0.0078125 0.021875
1 0.37109375 0.28203125 0.01640625 0.025
1 0.35078125 0.28359375 0.021875 0.0390625
1 0.4125 0.28359375 0.01953125 0.01796875
1 0.4265625 0.284375 0.0140625 0.021875
1 0.43671875 0.290625 0.0109375 0.028125
1 0.03828125 0.41953125 0.075 0.225
1 0.3234375 0.290625 0.0421875 0.05859375
1 0.396875 0.28359375 0.01484375 0.021875
1 0.4484375 0.29609375 0.025 0.025
1 0.6515625 0.26171875 0.278125 0.4
1 0.2953125 0.28671875 0.01484375 0.0515625
0 0.0765625 0.30625 0.03828125 0.1875