1 0.403125 0.48359375 0.040625 0.065625
1 0.3078125 0.471875 0.03046875 0.0375
1 0.64375 0.4578125 0.02421875 0.034375
1 0.66875 0.46171875 0.02265625 0.040625
1 0.6875 0.46015625 0.02109375 0.0359375
1 0.765625 0.4640625 0.0234375 0.0359375
1 0.79140625 0.47109375 0.03125 0.040625
1 0.859375 0.465625 0.0953125 0.0765625
1 0.79375 0.43828125 0.03203125 0.0234375
1 0.26875 0.48984375 0.05078125 0.05
1 0.36953125 0.51015625 0.071875 0.0890625
1 0.4703125 0.4890625 0.04296875 0.06953125
1 0.1203125 0.653125 0.240625 0.37109375
1 0.425 0.47578125 0.0140625 0.04140625
1 0.61640625 0.45390625 0.0140625 0.02890625