1 0.10546875 0.4578125 0.01796875 0.03359375
1 0.1234375 0.4734375 0.03125 0.0609375
1 0.2234375 0.47109375 0.02734375 0.04609375
1 0.259375 0.459375 0.0203125 0.0359375
1 0.3078125 0.4671875 0.034375 0.0484375
1 0.340625 0.440625 0.0109375 0.01953125
1 0.34765625 0.43984375 0.0078125 0.021875
1 0.3578125 0.44296875 0.01875 0.02890625
1 0.37109375 0.434375 0.0109375 0.01640625
1 0.415625 0.4453125 0.021875 0.02890625
1 0.478125 0.4421875 0.06875 0.05
1 0.0328125 0.475 0.0421875 0.053125
1 0.0859375 0.4625 0.01796875 0.02890625
1 0.06875 0.484375 0.06015625 0.071875
1 0.4109375 0.46640625 0.0421875 0.046875
1 0.3734375 0.44765625 0.01875 0.03359375
1 0.825 0.5171875 0.32265625 0.31796875
1 0.97734375 0.48984375 0.0453125 0.25703125
1 0.01484375 0.48671875 0.0296875 0.0625