1 0.1796875 0.4171875 0.0125 0.0140625
1 0.1625 0.41953125 0.0171875 0.01796875
1 0.140625 0.421875 0.025 0.01953125
1 0.121875 0.42421875 0.015625 0.021875
1 0.08125 0.41875 0.040625 0.08046875
1 0.05625 0.41796875 0.03125 0.084375
1 0.021875 0.4265625 0.04375 0.115625
1 0.2 0.415625 0.0109375 0.01953125
1 0.2078125 0.42109375 0.01171875 0.021875
1 0.228125 0.421875 0.03125 0.02890625
1 0.25859375 0.43671875 0.03828125 0.040625
1 0.3046875 0.440625 0.071875 0.075
1 0.3296875 0.459375 0.06484375 0.0765625
1 0.3890625 0.47890625 0.09765625 0.14609375
1 0.47421875 0.50234375 0.16796875 0.19609375
1 0.79609375 0.646875 0.4046875 0.41796875
1 0.1015625 0.41796875 0.01875 0.05390625