1 0.06953125 0.709375 0.1390625 0.40859375
1 0.51171875 0.61875 0.24609375 0.40546875
1 0.071875 0.48359375 0.14296875 0.075
1 0.3046875 0.521875 0.08359375 0.1140625
1 0.3609375 0.52265625 0.0328125 0.06796875
1 0.38359375 0.5328125 0.05234375 0.084375
0 0.80859375 0.5453125 0.02890625 0.1265625
0 0.828125 0.5109375 0.01640625 0.04296875
0 0.8546875 0.53515625 0.01796875 0.12109375
0 0.9515625 0.55234375 0.0359375 0.140625
0 0.7078125 0.51796875 0.01875 0.0625
0 0.784375 0.509375 0.01640625 0.07109375
0 0.9890625 0.6203125 0.0203125 0.2140625