1 0.546875 0.4171875 0.01484375 0.021875
1 0.55703125 0.421875 0.02890625 0.0265625
1 0.53125 0.41796875 0.009375 0.0125
1 0.565625 0.428125 0.028125 0.05
1 0.5125 0.4171875 0.01484375 0.021875
1 0.4921875 0.4171875 0.01875 0.021875
1 0.4375 0.415625 0.021875 0.025
1 0.41328125 0.41953125 0.021875 0.021875
1 0.3796875 0.415625 0.03984375 0.03359375
1 0.2328125 0.41328125 0.07734375 0.05546875
1 0.1578125 0.4140625 0.07265625 0.0625
1 0.4703125 0.45546875 0.0703125 0.09609375
1 0.6 0.46171875 0.07578125 0.10859375