1 0.471875 0.471875 0.01328125 0.01953125
1 0.4828125 0.47578125 0.0125 0.021875
1 0.490625 0.47578125 0.01484375 0.0265625
1 0.5015625 0.48203125 0.01796875 0.03359375
1 0.51171875 0.4890625 0.01640625 0.0390625
1 0.5265625 0.49140625 0.02578125 0.05859375
1 0.5375 0.5015625 0.02734375 0.053125
1 0.5484375 0.50625 0.021875 0.0625
1 0.5640625 0.50859375 0.0203125 0.078125
1 0.5953125 0.51171875 0.0671875 0.1
1 0.703125 0.55546875 0.1546875 0.178125
1 0.45703125 0.47109375 0.01640625 0.021875
1 0.4421875 0.47890625 0.0125 0.0234375
1 0.42890625 0.47734375 0.01484375 0.03359375
1 0.425 0.47890625 0.01796875 0.03359375
1 0.4140625 0.48046875 0.01484375 0.04140625
1 0.40390625 0.478125 0.02421875 0.04140625
1 0.3984375 0.490625 0.01875 0.04140625
1 0.3828125 0.4890625 0.02421875 0.05859375
1 0.36484375 0.496875 0.03984375 0.071875
1 0.35625 0.503125 0.02890625 0.078125
1 0.3390625 0.50859375 0.03125 0.0875
1 0.3140625 0.51171875 0.05078125 0.09453125
1 0.2734375 0.5265625 0.10234375 0.109375
1 0.2578125 0.5453125 0.065625 0.0875
1 0.153125 0.57421875 0.1953125 0.228125
1 0.040625 0.6296875 0.0765625 0.271875
1 0.8625 0.61796875 0.2703125 0.39296875