1 0.4859375 0.58046875 0.06328125 0.09296875
1 0.30625 0.57265625 0.0625 0.084375
1 0.3890625 0.56484375 0.025 0.04140625
1 0.4203125 0.5734375 0.01640625 0.01640625
1 0.025 0.56875 0.05 0.0484375
1 0.08203125 0.55234375 0.04296875 0.0734375
1 0.16953125 0.5671875 0.0234375 0.02890625
1 0.221875 0.56796875 0.03125 0.040625
1 0.246875 0.565625 0.01484375 0.028125
1 0.3484375 0.565625 0.03125 0.05546875
1 0.36796875 0.5671875 0.00859375 0.021875
1 0.4078125 0.57109375 0.00859375 0.01953125
1 0.5578125 0.56875 0.04296875 0.034375