1 0.12890625 0.71328125 0.07265625 0.0984375
1 0.53125 0.678125 0.01171875 0.03359375
1 0.5453125 0.67421875 0.025 0.0484375
1 0.7140625 0.69140625 0.1015625 0.11640625
1 0.8 0.69765625 0.15546875 0.18046875
1 0.39453125 0.678125 0.0265625 0.03359375
1 0.41796875 0.66953125 0.01875 0.034375
1 0.4484375 0.67421875 0.015625 0.0265625
1 0.4640625 0.6609375 0.01484375 0.01953125
1 0.4796875 0.6609375 0.015625 0.01953125
1 0.5703125 0.67265625 0.04609375 0.065625
1 0.053125 0.71875 0.10546875 0.153125
1 0.9125 0.71875 0.17421875 0.2734375
0 0.6078125 0.6796875 0.015625 0.046875
0 0.33359375 0.6796875 0.01328125 0.0375