1 0.834375 0.41796875 0.0375 0.06796875
1 0.7796875 0.40390625 0.0890625 0.1
1 0.6875 0.41484375 0.0734375 0.0875
1 0.6171875 0.41171875 0.0671875 0.0984375
1 0.540625 0.403125 0.065625 0.115625
1 0.4640625 0.421875 0.065625 0.084375
1 0.184375 0.4234375 0.0671875 0.1
1 0.2640625 0.43515625 0.15703125 0.15390625
1 0.15 0.409375 0.01640625 0.04296875
1 0.0703125 0.39375 0.0859375 0.090625
1 0.10546875 0.4265625 0.10703125 0.0890625
1 0.015625 0.4 0.0296875 0.10859375
1 0.9921875 0.421875 0.01328125 0.09609375