1 0.2890625 0.565625 0.0734375 0.08203125
1 0.49765625 0.56796875 0.05234375 0.0765625
1 0.5828125 0.58515625 0.07265625 0.09140625
1 0.546875 0.559375 0.02421875 0.03359375
1 0.528125 0.559375 0.0140625 0.02109375
1 0.3984375 0.55234375 0.03671875 0.03203125
1 0.80703125 0.615625 0.11796875 0.12890625
1 0.8734375 0.73203125 0.2453125 0.41953125
1 0.640625 0.55703125 0.0234375 0.0359375
1 0.465625 0.5671875 0.0140625 0.03359375
1 0.2046875 0.546875 0.06796875 0.06640625
1 0.1140625 0.54921875 0.06484375 0.046875
1 0.62109375 0.55625 0.0125 0.0234375