1 0.509375 0.4421875 0.0109375 0.025
1 0.496875 0.44765625 0.01796875 0.03203125
1 0.453125 0.4640625 0.02734375 0.07109375
1 0.2328125 0.515625 0.253125 0.28203125
1 0.5578125 0.43671875 0.01171875 0.028125
1 0.5734375 0.4328125 0.0203125 0.0515625
1 0.59375 0.43046875 0.03828125 0.06953125
1 0.415625 0.4734375 0.07421875 0.0875
1 0.63046875 0.446875 0.06796875 0.08359375
1 0.81953125 0.4921875 0.25703125 0.23046875
1 0.5296875 0.44140625 0.01328125 0.0265625
1 0.0609375 0.57734375 0.121875 0.3015625
1 0.471875 0.44375 0.028125 0.05