0 0.171875 0.33046875 0.00703125 0.02109375
0 0.18046875 0.33984375 0.01640625 0.0359375
0 0.1859375 0.3359375 0.00859375 0.0359375
0 0.19375 0.33671875 0.00859375 0.0375
0 0.203125 0.33515625 0.01015625 0.03359375
0 0.22421875 0.33984375 0.00859375 0.0359375
0 0.2125 0.33671875 0.00703125 0.03359375
1 0.3125 0.32734375 0.0140625 0.01640625
1 0.278125 0.32734375 0.00859375 0.0140625
1 0.2734375 0.33828125 0.0125 0.025
1 0.3265625 0.3359375 0.0203125 0.0390625
1 0.26015625 0.340625 0.02265625 0.040625
1 0.29921875 0.365625 0.0515625 0.0859375
1 0.371875 0.34140625 0.021875 0.0359375
1 0.09375 0.43125 0.1875 0.25703125
0 0.021875 0.296875 0.03046875 0.0359375