1 0.4671875 0.390625 0.0109375 0.01953125
1 0.4546875 0.38984375 0.009375 0.01640625
1 0.44609375 0.41484375 0.03203125 0.04140625
1 0.428125 0.40859375 0.02265625 0.05
1 0.415625 0.403125 0.0203125 0.04453125
1 0.4 0.4078125 0.021875 0.0515625
1 0.3734375 0.41953125 0.03671875 0.05
1 0.5015625 0.4625 0.08515625 0.13359375
1 0.2921875 0.440625 0.1515625 0.234375
1 0.196875 0.44921875 0.046875 0.0765625
1 0.05078125 0.65859375 0.1015625 0.325
0 0.7546875 0.43515625 0.028125 0.134375
0 0.7875 0.4265625 0.025 0.10546875
0 0.8265625 0.43125 0.02734375 0.11796875