1 0.503125 0.321875 0.0125 0.01640625
1 0.4921875 0.32421875 0.009375 0.015625
1 0.48359375 0.328125 0.0125 0.02109375
1 0.471875 0.3234375 0.01796875 0.0359375
1 0.4609375 0.33125 0.0203125 0.040625
1 0.4296875 0.33671875 0.05390625 0.090625
1 0.5078125 0.32265625 0.01171875 0.01953125
1 0.5140625 0.32578125 0.0140625 0.02109375
1 0.521875 0.32578125 0.0140625 0.02109375
1 0.5390625 0.32109375 0.0265625 0.04140625
1 0.55078125 0.33203125 0.0203125 0.04140625
1 0.57578125 0.33125 0.03984375 0.059375
1 0.59609375 0.3390625 0.0375 0.07109375
1 0.3421875 0.35625 0.1203125 0.15390625
1 0.21171875 0.4125 0.23359375 0.21640625
1 0.66171875 0.35078125 0.115625 0.146875
1 0.771875 0.384375 0.1859375 0.20390625
1 0.0703125 0.5359375 0.140625 0.365625
1 0.91640625 0.45234375 0.1625 0.378125