1 0.47109375 0.428125 0.01015625 0.0140625
1 0.453125 0.42421875 0.009375 0.01640625
1 0.459375 0.4265625 0.0125 0.02109375
1 0.49140625 0.4296875 0.02109375 0.021875
1 0.4390625 0.43046875 0.0125 0.03359375
1 0.4265625 0.43671875 0.021875 0.05859375
1 0.4015625 0.44921875 0.05234375 0.09140625
1 0.3515625 0.4703125 0.09375 0.12109375
1 0.5671875 0.45546875 0.02890625 0.0625
1 0.59609375 0.47109375 0.05234375 0.059375
0 0.1953125 0.4421875 0.04609375 0.178125
0 0.64375 0.4984375 0.02578125 0.13046875
0 0.6515625 0.51484375 0.0515625 0.19609375