1 0.521875 0.48515625 0.01484375 0.01796875
1 0.5078125 0.4828125 0.01171875 0.01796875
1 0.503125 0.490625 0.01171875 0.01953125
1 0.490625 0.4953125 0.01796875 0.02109375
1 0.4828125 0.5 0.0109375 0.028125
1 0.471875 0.503125 0.01796875 0.046875
1 0.4515625 0.50859375 0.03671875 0.0734375
1 0.41015625 0.528125 0.05 0.084375
1 0.3671875 0.5359375 0.0640625 0.165625
1 0.2203125 0.553125 0.29140625 0.31953125
1 0.51953125 0.4984375 0.02265625 0.021875
1 0.5359375 0.484375 0.009375 0.0234375
1 0.540625 0.48984375 0.009375 0.0265625
1 0.55 0.49140625 0.01484375 0.03359375
1 0.56015625 0.496875 0.0109375 0.0375
1 0.565625 0.4921875 0.01328125 0.04609375
1 0.57734375 0.49375 0.021875 0.05390625
1 0.5921875 0.5015625 0.028125 0.05859375
1 0.64375 0.4921875 0.08359375 0.1234375
1 0.659375 0.51953125 0.06875 0.11640625
1 0.728125 0.52578125 0.125 0.19609375
1 0.8734375 0.5734375 0.24921875 0.28203125