1 0.51328125 0.39296875 0.01796875 0.0359375
1 0.525 0.4 0.01640625 0.04296875
1 0.41328125 0.396875 0.015625 0.02890625
1 0.35546875 0.39140625 0.0203125 0.021875
1 0.3375 0.39609375 0.01640625 0.0234375
1 0.2515625 0.40234375 0.0546875 0.0734375
1 0.31640625 0.39296875 0.0265625 0.0359375
1 0.38828125 0.403125 0.04609375 0.06953125
1 0.45234375 0.421875 0.08203125 0.14140625
1 0.5671875 0.425 0.08203125 0.1140625
1 0.753125 0.440625 0.13359375 0.14609375
1 0.1515625 0.403125 0.0765625 0.078125
1 0.20703125 0.396875 0.03515625 0.059375
1 0.0328125 0.4109375 0.065625 0.115625