1 0.4109375 0.38203125 0.02109375 0.0125
1 0.4046875 0.396875 0.02109375 0.01640625
1 0.35625 0.396875 0.0265625 0.0234375
1 0.3328125 0.4015625 0.01640625 0.021875
1 0.3125 0.4046875 0.0359375 0.02890625
1 0.2765625 0.4046875 0.01171875 0.015625
1 0.5375 0.38828125 0.0203125 0.028125
1 0.49765625 0.40859375 0.0265625 0.046875
1 0.4796875 0.4015625 0.01953125 0.05
1 0.5578125 0.40625 0.0234375 0.040625
1 0.57265625 0.40546875 0.01875 0.04140625
1 0.58125 0.40625 0.0203125 0.046875
1 0.6078125 0.41328125 0.0484375 0.06796875
1 0.44765625 0.434375 0.07734375 0.1234375