1 0.29609375 0.5171875 0.021875 0.03046875
1 0.27265625 0.5234375 0.0390625 0.059375
1 0.2609375 0.5265625 0.02890625 0.0609375
1 0.24375 0.5390625 0.02734375 0.090625
1 0.2109375 0.54296875 0.0546875 0.096875
1 0.37109375 0.52734375 0.01875 0.04453125
1 0.3796875 0.53125 0.0140625 0.04609375
1 0.3921875 0.53359375 0.01640625 0.0640625
1 0.4 0.54296875 0.01796875 0.053125
1 0.415625 0.55625 0.0296875 0.07109375
1 0.1765625 0.55703125 0.09140625 0.1140625
1 0.4484375 0.565625 0.06640625 0.08359375
1 0.8 0.57734375 0.2125 0.2