1 0.35625 0.36484375 0.02421875 0.0484375
1 0.34140625 0.375 0.02578125 0.06953125
1 0.1328125 0.3546875 0.05703125 0.05859375
1 0.0546875 0.36796875 0.10546875 0.078125
1 0.434375 0.3703125 0.02890625 0.0484375
1 0.3015625 0.3859375 0.0828125 0.1015625
1 0.49375 0.39765625 0.07265625 0.115625
0 0.78828125 0.421875 0.015625 0.06953125
0 0.1859375 0.428125 0.04140625 0.2234375
1 0.859375 0.64296875 0.275 0.63359375
1 0.4015625 0.36875 0.0171875 0.03203125
0 0.7625 0.41328125 0.0140625 0.071875
0 0.6953125 0.41875 0.01171875 0.0609375
0 0.6796875 0.4203125 0.01484375 0.059375