0 0.9 0.41640625 0.025 0.09609375
0 0.88125 0.42890625 0.02265625 0.1234375
0 0.8421875 0.4015625 0.0125 0.046875
1 0.30625 0.43671875 0.2125 0.38203125
1 0.60546875 0.5515625 0.24375 0.33359375
1 0.9765625 0.609375 0.04609375 0.2265625
1 0.790625 0.484375 0.1421875 0.1609375
1 0.7015625 0.43828125 0.065625 0.096875
1 0.53203125 0.43125 0.08046875 0.11796875
1 0.4578125 0.4125 0.046875 0.06953125
1 0.0875 0.43828125 0.17421875 0.1625
1 0.159375 0.4265625 0.04453125 0.065625
1 0.190625 0.4296875 0.04453125 0.0625