1 0.05 0.5609375 0.1 0.165625
1 0.1546875 0.5578125 0.103125 0.1390625
1 0.8046875 0.603125 0.1109375 0.121875
1 0.89296875 0.584375 0.08828125 0.0765625
1 0.6421875 0.5796875 0.03671875 0.0390625
1 0.36171875 0.56328125 0.05078125 0.046875
1 0.4078125 0.55703125 0.01640625 0.034375
1 0.42109375 0.55546875 0.01328125 0.02890625
1 0.61953125 0.56796875 0.021875 0.04140625
1 0.5015625 0.5546875 0.01796875 0.021875
1 0.4796875 0.5515625 0.015625 0.0265625
1 0.43046875 0.55234375 0.01171875 0.02890625