1 0.09921875 0.74296875 0.196875 0.40703125
1 0.95625 0.8171875 0.08203125 0.353125
0 0.8828125 0.678125 0.0375 0.1765625
0 0.8203125 0.66328125 0.04296875 0.1515625
1 0.68828125 0.6703125 0.22109375 0.22890625
1 0.56953125 0.628125 0.096875 0.12890625
1 0.51953125 0.62578125 0.04296875 0.090625
1 0.49453125 0.6078125 0.0328125 0.07109375
1 0.18671875 0.61796875 0.19140625 0.25859375
1 0.2875 0.603125 0.05546875 0.1515625
1 0.32109375 0.590625 0.0484375 0.096875
1 0.33828125 0.58046875 0.03828125 0.07890625
1 0.3953125 0.58046875 0.04609375 0.03359375