1 0.0125 0.51640625 0.0234375 0.0625
1 0.3015625 0.475 0.06171875 0.0640625
1 0.48125 0.46875 0.02265625 0.03203125
1 0.5390625 0.46953125 0.0203125 0.03203125
1 0.403125 0.47734375 0.02421875 0.02890625
1 0.184375 0.49453125 0.05546875 0.040625
1 0.1265625 0.49765625 0.06171875 0.046875
1 0.2578125 0.48828125 0.03046875 0.0375
1 0.56015625 0.46875 0.02265625 0.0265625
1 0.42421875 0.46875 0.01875 0.0234375
1 0.4453125 0.46953125 0.01875 0.025
1 0.63984375 0.51640625 0.134375 0.203125
1 0.5921875 0.4859375 0.04375 0.13359375