1 0.9140625 0.67734375 0.1671875 0.334375
1 0.03671875 0.47109375 0.07265625 0.096875
1 0.1140625 0.46875 0.07890625 0.06640625
1 0.18125 0.45234375 0.05546875 0.06640625
1 0.215625 0.453125 0.040625 0.05859375
1 0.2515625 0.45234375 0.034375 0.04609375
1 0.28515625 0.4484375 0.034375 0.03203125
1 0.3109375 0.44765625 0.0125 0.02109375
1 0.325 0.44296875 0.0171875 0.025
1 0.3421875 0.440625 0.0109375 0.01796875
1 0.5125 0.421875 0.00625 0.0125
1 0.51640625 0.43203125 0.009375 0.021875
1 0.5265625 0.43125 0.01015625 0.025
1 0.53515625 0.43984375 0.0125 0.05
1 0.5453125 0.43125 0.01484375 0.04296875
1 0.559375 0.43671875 0.02265625 0.05859375
1 0.5734375 0.44921875 0.0265625 0.0734375
1 0.5828125 0.446875 0.01953125 0.07890625
1 0.6265625 0.459375 0.08828125 0.1375
1 0.6546875 0.4640625 0.046875 0.1515625
1 0.78515625 0.5203125 0.271875 0.2765625
1 0.36875 0.43203125 0.0359375 0.04140625
1 0.4515625 0.425 0.04140625 0.03359375
1 0.3984375 0.428125 0.0234375 0.03046875
1 0.48125 0.4203125 0.0171875 0.02109375
1 0.496875 0.41875 0.01015625 0.0125