1 0.51875 0.41015625 0.01328125 0.03046875
1 0.628125 0.4296875 0.03125 0.0390625
1 0.5375 0.4203125 0.028125 0.05
1 0.5953125 0.43515625 0.04140625 0.0625
1 0.490625 0.4296875 0.04609375 0.0734375
1 0.7921875 0.50390625 0.16328125 0.146875
1 0.94453125 0.6421875 0.109375 0.225
0 0.359375 0.41640625 0.01328125 0.05859375
0 0.35 0.43203125 0.0125 0.06796875
0 0.3296875 0.43125 0.0125 0.0734375
0 0.2078125 0.42578125 0.015625 0.10703125
0 0.1671875 0.4546875 0.0171875 0.1140625
0 0.19140625 0.45390625 0.02890625 0.1359375
0 0.259375 0.42421875 0.02109375 0.0859375
0 0.2890625 0.421875 0.01796875 0.06796875
0 0.30625 0.4203125 0.015625 0.084375
0 0.67265625 0.4328125 0.0078125 0.03203125
0 0.68125 0.434375 0.0078125 0.03203125