0 0.57109375 0.54140625 0.0078125 0.04140625
0 0.5609375 0.54765625 0.009375 0.034375
0 0.553125 0.546875 0.009375 0.0375
1 0.50859375 0.5484375 0.02734375 0.04140625
1 0.82265625 0.60078125 0.2953125 0.290625
1 0.4421875 0.54765625 0.01875 0.0265625
1 0.48203125 0.55 0.01484375 0.02109375
1 0.534375 0.55703125 0.03046875 0.05859375
1 0.4640625 0.559375 0.02734375 0.05859375
1 0.3546875 0.559375 0.025 0.040625
1 0.2859375 0.615625 0.13359375 0.18203125
1 0.11640625 0.63515625 0.2328125 0.3515625
1 0.921875 0.671875 0.15546875 0.39140625
1 0.171875 0.5265625 0.1109375 0.1015625
1 0.6375 0.59375 0.09921875 0.11640625