1 0.46875 0.52265625 0.01875 0.040625
1 0.4625 0.5265625 0.0203125 0.0390625
1 0.4296875 0.55703125 0.0828125 0.15546875
1 0.3953125 0.5171875 0.01875 0.025
1 0.38125 0.5171875 0.01171875 0.01640625
1 0.36875 0.5203125 0.0203125 0.02890625
1 0.3484375 0.521875 0.02421875 0.02890625
1 0.32421875 0.55078125 0.0625 0.07890625
1 0.27265625 0.54453125 0.04765625 0.053125
1 0.18046875 0.565625 0.090625 0.0875
1 0.05078125 0.559375 0.0515625 0.10859375
1 0.01796875 0.58515625 0.0359375 0.2125
1 0.4890625 0.5265625 0.01640625 0.03359375
1 0.5109375 0.5328125 0.0359375 0.04296875
1 0.61171875 0.6046875 0.1734375 0.22109375
1 0.878125 0.55625 0.03671875 0.059375
1 0.93984375 0.56015625 0.09453125 0.071875
1 0.9171875 0.8828125 0.1640625 0.234375