1 0.4484375 0.615625 0.0125 0.01953125
1 0.425 0.625 0.01015625 0.0265625
1 0.4359375 0.63046875 0.0125 0.015625
1 0.4140625 0.62578125 0.0125 0.028125
1 0.3890625 0.63125 0.0390625 0.053125
1 0.3328125 0.64453125 0.07578125 0.0875
1 0.478125 0.61328125 0.01484375 0.028125
1 0.49375 0.61640625 0.0171875 0.0390625
1 0.5265625 0.6265625 0.01953125 0.059375
1 0.534375 0.63359375 0.0234375 0.075
1 0.5703125 0.6265625 0.0734375 0.11640625
1 0.9890625 0.6609375 0.01953125 0.06796875
0 0.909375 0.58515625 0.021875 0.1140625
1 0.51953125 0.61875 0.0234375 0.059375
1 0.5078125 0.61875 0.0203125 0.05546875