1 0.60078125 0.61640625 0.009375 0.021875
1 0.6140625 0.6203125 0.01328125 0.021875
1 0.621875 0.6203125 0.01875 0.021875
1 0.6328125 0.621875 0.0203125 0.02890625
1 0.87734375 0.64765625 0.0515625 0.0640625
1 0.56171875 0.61328125 0.01875 0.0265625
1 0.546875 0.609375 0.01796875 0.01953125
1 0.4890625 0.60546875 0.0234375 0.0265625
1 0.5015625 0.60546875 0.01640625 0.021875
1 0.52265625 0.6046875 0.02890625 0.02890625
1 0.58125 0.62109375 0.03125 0.053125
1 0.7 0.68359375 0.140625 0.171875
1 0.3796875 0.596875 0.0109375 0.01953125
1 0.3703125 0.6 0.01484375 0.0234375
1 0.3546875 0.603125 0.0125 0.021875
1 0.346875 0.60546875 0.0125 0.021875
1 0.3140625 0.60859375 0.02421875 0.0265625
1 0.0828125 0.62890625 0.0765625 0.06796875
1 0.265625 0.603125 0.02890625 0.0265625
1 0.24609375 0.6046875 0.0296875 0.0359375
1 0.753125 0.6265625 0.01640625 0.0265625
1 0.76328125 0.63359375 0.01640625 0.03046875
1 0.7765625 0.63671875 0.0203125 0.0375
1 0.7921875 0.63515625 0.028125 0.04140625
1 0.8125 0.6421875 0.03671875 0.04140625