1 0.034375 0.6796875 0.0671875 0.2109375
1 0.8828125 0.51015625 0.23046875 0.2875
1 0.13828125 0.5375 0.2765625 0.284375
1 0.29765625 0.4765625 0.14296875 0.1984375
1 0.37109375 0.46875 0.078125 0.1140625
1 0.415625 0.45625 0.03125 0.07890625
1 0.4421875 0.446875 0.04453125 0.07890625
1 0.46953125 0.44140625 0.0203125 0.05703125
1 0.4859375 0.43203125 0.03125 0.0515625
1 0.74296875 0.44375 0.15859375 0.18359375
1 0.6625 0.44609375 0.05234375 0.11640625
1 0.634375 0.4421875 0.02734375 0.08046875
1 0.6203125 0.43359375 0.04140625 0.0875
1 0.596875 0.4359375 0.03125 0.0609375
1 0.57578125 0.43203125 0.0234375 0.03359375
1 0.5578125 0.42578125 0.01640625 0.03203125
1 0.5265625 0.43203125 0.0203125 0.03359375