1 0.509375 0.57421875 0.0078125 0.015625
1 0.5234375 0.58828125 0.021875 0.0390625
1 0.4734375 0.57734375 0.00859375 0.01640625
1 0.4578125 0.590625 0.03515625 0.046875
1 0.44296875 0.6171875 0.02578125 0.0734375
1 0.4234375 0.6203125 0.03671875 0.0859375
1 0.37421875 0.628125 0.0984375 0.146875
1 0.5453125 0.6 0.0203125 0.025
1 0.58046875 0.603125 0.04296875 0.1234375
1 0.640625 0.56953125 0.109375 0.125
1 0.325 0.665625 0.096875 0.203125
1 0.49375 0.6015625 0.040625 0.065625
1 0.1515625 0.56171875 0.3015625 0.8359375