1 0.0984375 0.665625 0.19609375 0.2265625
1 0.2078125 0.60859375 0.1625 0.196875
1 0.2921875 0.58828125 0.0703125 0.11640625
1 0.58515625 0.56015625 0.084375 0.1015625
1 0.525 0.53828125 0.034375 0.046875
1 0.50546875 0.534375 0.0109375 0.02890625
1 0.66484375 0.58984375 0.1328125 0.14609375
1 0.4796875 0.54453125 0.0296875 0.040625
1 0.36640625 0.571875 0.05546875 0.07109375
1 0.4125 0.553125 0.0328125 0.046875
1 0.43125 0.55078125 0.01328125 0.03359375
1 0.44296875 0.54453125 0.0140625 0.01953125