1 0.2265625 0.58046875 0.04765625 0.096875
1 0.340625 0.559375 0.04296875 0.065625
1 0.42890625 0.553125 0.03046875 0.040625
1 0.521875 0.5578125 0.01484375 0.04296875
1 0.5171875 0.559375 0.01875 0.046875
1 0.55078125 0.56875 0.04609375 0.06953125
1 0.6 0.5828125 0.06015625 0.11796875
1 0.640625 0.596875 0.1109375 0.175
1 0.38515625 0.5546875 0.0515625 0.07890625
1 0.80234375 0.6796875 0.27578125 0.2875
1 0.5703125 0.575 0.0234375 0.08359375
1 0.103125 0.590625 0.20625 0.390625
1 0.4796875 0.55078125 0.0421875 0.071875