1 0.4125 0.5015625 0.0140625 0.021875
1 0.45625 0.50390625 0.01875 0.0234375
0 0.43359375 0.528125 0.02109375 0.07890625
0 0.475 0.53046875 0.02109375 0.096875
0 0.22265625 0.528125 0.02265625 0.09296875
0 0.19375 0.5234375 0.02109375 0.096875
0 0.24765625 0.5203125 0.02890625 0.090625
0 0.278125 0.51640625 0.0171875 0.07890625
1 0.3484375 0.534375 0.14453125 0.109375
1 0.634375 0.540625 0.28671875 0.23203125
1 0.084375 0.51796875 0.16875 0.1171875
0 0.10625 0.4828125 0.01484375 0.0265625
0 0.05625 0.45703125 0.0109375 0.021875
0 0.7015625 0.5046875 0.01953125 0.0359375
0 0.765625 0.525 0.0171875 0.09609375
0 0.9046875 0.51796875 0.01953125 0.071875