1 0.5671875 0.46484375 0.0234375 0.02890625
1 0.59765625 0.47890625 0.03125 0.040625
1 0.6375 0.4734375 0.05703125 0.09140625
1 0.67578125 0.47578125 0.0640625 0.10546875
1 0.4234375 0.46171875 0.0109375 0.0359375
1 0.4109375 0.46328125 0.01875 0.0359375
1 0.3875 0.46484375 0.03046875 0.0515625
1 0.38125 0.471875 0.01875 0.03359375
1 0.3609375 0.471875 0.028125 0.0515625
1 0.3421875 0.47734375 0.03046875 0.05390625
1 0.3171875 0.49140625 0.03046875 0.0515625
1 0.2703125 0.509375 0.0859375 0.10859375
1 0.7125 0.5015625 0.10234375 0.12109375
1 0.4734375 0.4875 0.075 0.09296875
1 0.5546875 0.453125 0.02109375 0.0375