1 0.5734375 0.60234375 0.103125 0.1609375
1 0.13515625 0.565625 0.08125 0.11640625
1 0.5140625 0.584375 0.059375 0.1234375
1 0.4828125 0.58203125 0.046875 0.1109375
1 0.4484375 0.5703125 0.0484375 0.071875
1 0.42109375 0.5703125 0.03515625 0.065625
1 0.4046875 0.56640625 0.02421875 0.0375
1 0.3921875 0.56875 0.01640625 0.034375
1 0.3859375 0.55 0.02734375 0.03359375
1 0.1875 0.56328125 0.0515625 0.071875
1 0.2921875 0.56171875 0.03515625 0.0484375
1 0.31328125 0.55859375 0.02265625 0.04140625
1 0.325 0.54921875 0.0171875 0.0234375
1 0.34921875 0.5390625 0.01171875 0.01640625
0 0.26875 0.57421875 0.00703125 0.028125