0 0.64296875 0.4640625 0.0140625 0.0609375
0 0.628125 0.46171875 0.0171875 0.05859375
0 0.57734375 0.46015625 0.01328125 0.05
0 0.5640625 0.45546875 0.01328125 0.05703125
0 0.1828125 0.4375 0.01796875 0.0640625
1 0.4 0.44140625 0.02578125 0.0375
1 0.41953125 0.46015625 0.04609375 0.053125
1 0.26484375 0.465625 0.07734375 0.12109375
1 0.1390625 0.49140625 0.11875 0.2015625
1 0.05859375 0.54765625 0.11640625 0.36640625
1 0.3484375 0.4953125 0.1140625 0.15859375
1 0.48125 0.465625 0.0953125 0.15
1 0.815625 0.66953125 0.365625 0.46796875