1 0.47109375 0.3921875 0.0265625 0.04140625
1 0.5625 0.38046875 0.0515625 0.0625
1 0.51875 0.375 0.01328125 0.009375
1 0.525 0.38984375 0.0203125 0.03359375
1 0.44375 0.403125 0.028125 0.05703125
1 0.4234375 0.40703125 0.028125 0.05390625
1 0.4015625 0.41015625 0.028125 0.07109375
1 0.3734375 0.4140625 0.03515625 0.078125
1 0.33046875 0.41484375 0.09296875 0.1015625
1 0.22734375 0.41640625 0.17265625 0.1875
1 0.096875 0.48515625 0.1921875 0.221875
0 0.446875 0.39609375 0.01328125 0.075
0 0.4890625 0.3875 0.01171875 0.084375
1 0.62109375 0.35078125 0.03203125 0.040625
0 0.6078125 0.36015625 0.0078125 0.04140625