1 0.346875 0.540625 0.00859375 0.025
1 0.3359375 0.54140625 0.015625 0.03046875
1 0.31875 0.546875 0.0328125 0.040625
1 0.2859375 0.5484375 0.03828125 0.06796875
1 0.2671875 0.56484375 0.02421875 0.05859375
1 0.2359375 0.56796875 0.0578125 0.09140625
1 0.5015625 0.5640625 0.04296875 0.090625
1 0.54375 0.58046875 0.0890625 0.115625
1 0.16484375 0.5859375 0.1078125 0.11953125
1 0.4046875 0.53828125 0.02421875 0.040625
1 0.371875 0.540625 0.03828125 0.04140625
1 0.77890625 0.69609375 0.4390625 0.6078125
0 0.11875 0.553125 0.01484375 0.0609375
1 0.484375 0.5390625 0.03515625 0.05703125
1 0.46875 0.5359375 0.015625 0.04453125
1 0.4609375 0.53359375 0.0125 0.04296875
1 0.4515625 0.534375 0.01171875 0.025