1 0.40625 0.67890625 0.0109375 0.01640625
1 0.4234375 0.67109375 0.01015625 0.01640625
1 0.40078125 0.69296875 0.01484375 0.0140625
1 0.4203125 0.68359375 0.009375 0.0125
1 0.41875 0.7 0.015625 0.028125
1 0.38984375 0.703125 0.01328125 0.01640625
1 0.359375 0.721875 0.0140625 0.0234375
1 0.340625 0.73984375 0.015625 0.0234375
1 0.3796875 0.7328125 0.0390625 0.05546875
1 0.41015625 0.71875 0.01953125 0.0265625
1 0.440625 0.70234375 0.01640625 0.0234375
1 0.47578125 0.68046875 0.01484375 0.0109375
1 0.47578125 0.69140625 0.015625 0.009375
1 0.4640625 0.7140625 0.0203125 0.028125
1 0.48359375 0.7171875 0.025 0.0390625
1 0.4921875 0.72578125 0.0296875 0.040625
1 0.53046875 0.69921875 0.03828125 0.0234375
1 0.534375 0.7515625 0.0671875 0.103125
1 0.63046875 0.75390625 0.14765625 0.19296875
1 0.834375 0.740625 0.33046875 0.515625
1 0.3015625 0.75703125 0.08515625 0.128125
1 0.203125 0.76171875 0.10234375 0.1
1 0.125 0.753125 0.04921875 0.05
1 0.0390625 0.7796875 0.078125 0.20546875