1 0.41875 0.78515625 0.02265625 0.0359375
1 0.4625 0.78515625 0.0234375 0.04609375
1 0.38203125 0.79296875 0.078125 0.1140625
1 0.5 0.80625 0.08203125 0.11640625
1 0.571875 0.834375 0.1328125 0.240625
0 0.734375 0.759375 0.01484375 0.05859375
0 0.896875 0.7453125 0.021875 0.071875
0 0.90703125 0.74765625 0.021875 0.071875
0 0.9203125 0.74921875 0.01875 0.075
0 0.084375 0.803125 0.01484375 0.09140625
0 0.06875 0.803125 0.01640625 0.0875
0 0.04375 0.8015625 0.01796875 0.096875
0 0.03125 0.803125 0.01328125 0.09140625
0 0.71953125 0.81328125 0.02890625 0.11640625
0 0.19765625 0.7546875 0.0234375 0.1109375
0 0.10703125 0.81328125 0.03515625 0.15546875
0 0.74609375 0.7609375 0.01640625 0.075
0 0.984375 0.84140625 0.03125 0.16796875
1 0.30625 0.8359375 0.24140625 0.3265625
1 0.9421875 0.96328125 0.11484375 0.0734375