1 0.3796875 0.54296875 0.06484375 0.0890625
1 0.49609375 0.56171875 0.0703125 0.103125
1 0.640625 0.615625 0.09296875 0.09453125
1 0.3109375 0.51171875 0.02421875 0.0375
1 0.21484375 0.496875 0.07265625 0.1234375
1 0.2546875 0.51796875 0.01015625 0.0625
1 0.41953125 0.5359375 0.021875 0.0484375
1 0.575 0.5859375 0.0640625 0.065625
1 0.7171875 0.6375 0.096875 0.10859375
1 0.275 0.5078125 0.01953125 0.04296875
1 0.078125 0.5375 0.15625 0.246875
1 0.3265625 0.51484375 0.0109375 0.0265625
1 0.2921875 0.50625 0.0125 0.03203125
1 0.34609375 0.515625 0.0234375 0.04609375
0 0.8140625 0.62890625 0.01953125 0.0859375
0 0.1734375 0.50625 0.01640625 0.09453125