1 0.2765625 0.5125 0.03515625 0.08203125
1 0.253125 0.51015625 0.04296875 0.08359375
1 0.190625 0.51953125 0.096875 0.1125
1 0.09453125 0.540625 0.12890625 0.1375
1 0.02109375 0.56484375 0.03984375 0.15390625
1 0.3921875 0.48046875 0.0109375 0.0234375
1 0.378125 0.4859375 0.021875 0.02890625
1 0.4875 0.48125 0.009375 0.02890625
1 0.5015625 0.48125 0.02421875 0.0375
1 0.6078125 0.4765625 0.046875 0.04296875
1 0.55390625 0.49140625 0.07734375 0.075
1 0.434375 0.49609375 0.08203125 0.128125
1 0.6890625 0.53984375 0.1359375 0.16953125
1 0.85625 0.59609375 0.28671875 0.296875