1 0.959375 0.55625 0.0796875 0.15546875
1 0.5046875 0.6109375 0.1234375 0.16796875
1 0.3140625 0.60859375 0.04375 0.059375
1 0.3796875 0.59375 0.015625 0.0265625
1 0.36015625 0.58984375 0.01640625 0.01953125
1 0.06484375 0.64140625 0.0453125 0.053125
1 0.1125 0.6359375 0.03828125 0.0390625
1 0.634375 0.58671875 0.0640625 0.046875
1 0.575 0.578125 0.040625 0.04140625
1 0.41875 0.584375 0.0171875 0.021875
1 0.39140625 0.58828125 0.01484375 0.01796875
1 0.18125 0.621875 0.02578125 0.0359375
1 0.21484375 0.61484375 0.0203125 0.0265625
1 0.2359375 0.609375 0.02421875 0.021875