0 0.04140625 0.4578125 0.025 0.08203125
0 0.09296875 0.45234375 0.0203125 0.0859375
0 0.12265625 0.4546875 0.03046875 0.0859375
0 0.1328125 0.44453125 0.0203125 0.08203125
1 0.25859375 0.4640625 0.03125 0.04296875
1 0.5484375 0.453125 0.04375 0.05390625
1 0.79375 0.434375 0.13046875 0.09140625
1 0.95078125 0.45234375 0.0984375 0.0859375
0 0.153125 0.446875 0.0171875 0.0765625
0 0.68203125 0.4359375 0.01953125 0.07890625
0 0.61171875 0.4484375 0.01015625 0.05390625
1 0.52734375 0.45390625 0.01328125 0.04140625