1 0.39375 0.46328125 0.02890625 0.02890625
1 0.521875 0.446875 0.0078125 0.02890625
1 0.51484375 0.4453125 0.009375 0.025
1 0.503125 0.446875 0.025 0.0359375
1 0.48671875 0.4453125 0.0125 0.02890625
1 0.475 0.44140625 0.00703125 0.01796875
1 0.4671875 0.4453125 0.0125 0.01640625
1 0.44765625 0.44765625 0.0140625 0.021875
1 0.2640625 0.45859375 0.02109375 0.0265625
1 0.8640625 0.446875 0.07421875 0.09453125
1 0.9328125 0.48046875 0.13125 0.171875
1 0.22421875 0.46953125 0.08515625 0.084375
1 0.3375 0.4734375 0.1046875 0.153125
1 0.7046875 0.5046875 0.19375 0.3484375
1 0.425 0.45703125 0.04375 0.075