1 0.46484375 0.48046875 0.01875 0.03203125
1 0.41015625 0.490625 0.021875 0.03203125
1 0.396875 0.4921875 0.021875 0.0359375
1 0.37890625 0.5015625 0.01875 0.0390625
1 0.3296875 0.51484375 0.07890625 0.1
1 0.2265625 0.52421875 0.11015625 0.109375
1 0.06171875 0.5484375 0.1234375 0.24609375
1 0.48046875 0.48203125 0.01484375 0.02890625
1 0.48671875 0.4890625 0.01640625 0.03359375
1 0.51015625 0.490625 0.03515625 0.0515625
1 0.5890625 0.51484375 0.08046875 0.1234375
1 0.67109375 0.54609375 0.128125 0.1625
1 0.45 0.49140625 0.0265625 0.04609375