1 0.5140625 0.18359375 0.01640625 0.025
1 0.50234375 0.184375 0.0125 0.01640625
1 0.49140625 0.18046875 0.0140625 0.028125
1 0.47109375 0.178125 0.0265625 0.040625
1 0.4453125 0.18359375 0.0203125 0.040625
1 0.4234375 0.1875 0.040625 0.053125
1 0.38125 0.21171875 0.0765625 0.115625
1 0.3328125 0.2203125 0.04296875 0.071875
0 0.29375 0.24140625 0.02734375 0.13203125
0 0.2765625 0.2203125 0.01796875 0.08046875
0 0.25625 0.2296875 0.02421875 0.121875
1 0.2765625 0.2375 0.0921875 0.0984375
1 0.5265625 0.1859375 0.015625 0.02109375
1 0.54921875 0.19140625 0.0390625 0.05390625
1 0.57421875 0.178125 0.01953125 0.028125
1 0.62109375 0.18125 0.01953125 0.02890625
1 0.65234375 0.190625 0.01875 0.034375
1 0.67109375 0.19296875 0.0328125 0.04609375
1 0.7 0.1984375 0.04921875 0.05859375
1 0.76953125 0.23203125 0.053125 0.078125
1 0.83984375 0.23359375 0.12578125 0.12890625
1 0.115625 0.35078125 0.23125 0.4328125