1 0.3875 0.3484375 0.01328125 0.0234375
1 0.32578125 0.3796875 0.04453125 0.0765625
1 0.3578125 0.37890625 0.06796875 0.09140625
1 0.534375 0.371875 0.03515625 0.08359375
1 0.559375 0.3609375 0.01484375 0.04140625
1 0.5703125 0.359375 0.0171875 0.05
1 0.58125 0.359375 0.015625 0.05546875
1 0.5984375 0.3546875 0.02265625 0.0640625
1 0.721875 0.3609375 0.07421875 0.10390625
1 0.275 0.375 0.09375 0.090625
1 0.6671875 0.371875 0.12890625 0.096875
1 0.45625 0.35234375 0.14296875 0.2015625
1 0.0234375 0.3953125 0.046875 0.128125
0 0.765625 0.35859375 0.02421875 0.109375
0 0.81015625 0.36796875 0.02109375 0.10390625
0 0.859375 0.36328125 0.02890625 0.15390625
0 0.8890625 0.359375 0.0390625 0.15859375