1 0.41875 0.4921875 0.01171875 0.03359375
1 0.409375 0.5078125 0.015625 0.04453125
1 0.4 0.51015625 0.01484375 0.040625
1 0.38828125 0.52421875 0.025 0.071875
1 0.5671875 0.52578125 0.01953125 0.0234375
1 0.5203125 0.51484375 0.0765625 0.034375
1 0.59375 0.5671875 0.034375 0.075
0 0.6015625 0.5671875 0.0171875 0.065625
0 0.6703125 0.5671875 0.01875 0.05
1 0.365625 0.5359375 0.05 0.08203125
1 0.43671875 0.50234375 0.015625 0.0234375
1 0.453125 0.5 0.01484375 0.0234375
1 0.528125 0.64140625 0.175 0.228125
1 0.2140625 0.5875 0.15 0.23203125
1 0.10703125 0.65703125 0.2140625 0.3609375
1 0.8421875 0.63828125 0.26484375 0.253125
1 0.9859375 0.68125 0.0265625 0.17109375
0 0.628125 0.5765625 0.01875 0.08203125