0 0.746875 0.5984375 0.040625 0.19140625
0 0.09453125 0.56328125 0.01953125 0.078125
0 0.0734375 0.54453125 0.01953125 0.06953125
0 0.0515625 0.53515625 0.0140625 0.059375
0 0.1671875 0.546875 0.0140625 0.0625
0 0.2734375 0.54609375 0.00859375 0.059375
1 0.36875 0.54140625 0.009375 0.02109375
1 0.35703125 0.54296875 0.0140625 0.0265625
1 0.32109375 0.5453125 0.01171875 0.021875
0 0.26796875 0.5453125 0.009375 0.05546875
1 0.4453125 0.54609375 0.00703125 0.02890625
1 0.4609375 0.546875 0.02578125 0.04296875
1 0.50859375 0.5734375 0.03359375 0.084375
1 0.684375 0.56015625 0.0546875 0.06796875
1 0.1328125 0.55 0.071875 0.0890625
1 0.29375 0.5453125 0.0375 0.0390625
1 0.33828125 0.54296875 0.03046875 0.0515625
1 0.40546875 0.59609375 0.1 0.14453125
1 0.55 0.58359375 0.08359375 0.115625