1 0.1859375 0.69140625 0.37109375 0.484375
1 0.8703125 0.76015625 0.25625 0.46953125
1 0.3859375 0.61875 0.1203125 0.1375
1 0.75625 0.67734375 0.165625 0.25859375
1 0.68125 0.640625 0.08046875 0.184375
1 0.6484375 0.61875 0.03359375 0.08203125
1 0.6421875 0.60703125 0.04296875 0.078125
1 0.6265625 0.609375 0.0234375 0.0640625
1 0.6171875 0.60625 0.025 0.04296875
1 0.6078125 0.60390625 0.0171875 0.02890625
1 0.45546875 0.61484375 0.0296875 0.053125
1 0.4734375 0.61640625 0.01796875 0.04296875
1 0.4890625 0.61484375 0.0140625 0.04453125
1 0.5125 0.60859375 0.01796875 0.02890625
1 0.525 0.60546875 0.00859375 0.01953125