1 0.38359375 0.5703125 0.01171875 0.025
1 0.37578125 0.575 0.0171875 0.03046875
1 0.365625 0.5828125 0.0265625 0.05390625
1 0.3453125 0.584375 0.04765625 0.07109375
1 0.31875 0.615625 0.06328125 0.09140625
1 0.2890625 0.62734375 0.059375 0.109375
1 0.20625 0.63359375 0.14765625 0.184375
1 0.428125 0.56640625 0.0078125 0.01796875
1 0.4390625 0.57109375 0.0140625 0.0265625
1 0.453125 0.571875 0.01484375 0.025
1 0.46875 0.58125 0.02421875 0.03046875
1 0.4921875 0.59921875 0.03984375 0.05
1 0.9375 0.64609375 0.11953125 0.109375
1 0.415625 0.565625 0.01953125 0.0265625
0 0.7015625 0.615625 0.01953125 0.09609375