1 0.2921875 0.47109375 0.01875 0.0390625
1 0.371875 0.475 0.02265625 0.028125
1 0.38828125 0.475 0.01875 0.02109375
1 0.41328125 0.4796875 0.03046875 0.046875
1 0.4453125 0.4859375 0.03125 0.05390625
1 0.48828125 0.4859375 0.05703125 0.08359375
1 0.52734375 0.49375 0.06171875 0.10390625
1 0.59140625 0.509375 0.1203125 0.13046875
1 0.309375 0.465625 0.01171875 0.021875
1 0.3234375 0.4671875 0.01484375 0.01953125
1 0.3453125 0.471875 0.0140625 0.01953125
1 0.2140625 0.53046875 0.034375 0.040625
1 0.1734375 0.53828125 0.04765625 0.0515625