1 0.39375 0.525 0.0421875 0.0515625
1 0.434375 0.51953125 0.0359375 0.04140625
1 0.4765625 0.5125 0.03671875 0.0375
1 0.35390625 0.515625 0.03515625 0.05703125
1 0.23671875 0.5546875 0.090625 0.090625
1 0.30625 0.5421875 0.12109375 0.09296875
1 0.1203125 0.565625 0.146875 0.11953125
1 0.028125 0.5953125 0.05390625 0.121875
1 0.6859375 0.48828125 0.015625 0.03046875
1 0.70390625 0.490625 0.02265625 0.04453125
1 0.725 0.49765625 0.02578125 0.0625
1 0.7703125 0.51953125 0.08046875 0.10390625
1 0.8703125 0.55390625 0.17734375 0.19609375
1 0.93125 0.6578125 0.134375 0.29140625
1 0.6453125 0.4921875 0.03046875 0.04296875