0 0.0984375 0.646875 0.05703125 0.2125
1 0.453125 0.5734375 0.0171875 0.021875
1 0.43828125 0.5796875 0.01015625 0.040625
1 0.39921875 0.56484375 0.06953125 0.121875
1 0.50078125 0.565625 0.0140625 0.0234375
1 0.5734375 0.57578125 0.04140625 0.0484375
1 0.634375 0.590625 0.07109375 0.084375
1 0.48203125 0.5609375 0.01171875 0.01640625
1 0.471875 0.5640625 0.00546875 0.015625
1 0.3453125 0.62109375 0.0828125 0.103125
0 0.68515625 0.56015625 0.01875 0.07890625
1 0.9171875 0.640625 0.1625 0.25703125