1 0.47734375 0.46328125 0.0109375 0.03046875
1 0.484375 0.465625 0.01328125 0.034375
1 0.49375 0.46953125 0.02265625 0.046875
1 0.509375 0.48125 0.03203125 0.05703125
1 0.5359375 0.4796875 0.03203125 0.09140625
1 0.346875 0.478125 0.01328125 0.03359375
1 0.3328125 0.478125 0.0265625 0.046875
1 0.3109375 0.484375 0.0234375 0.05390625
1 0.29296875 0.49140625 0.02890625 0.05859375
1 0.246875 0.490625 0.07109375 0.07890625
1 0.371875 0.475 0.03984375 0.0484375
1 0.43671875 0.465625 0.01875 0.02109375
1 0.5890625 0.48515625 0.10390625 0.1265625
1 0.165625 0.50703125 0.1171875 0.121875
1 0.021875 0.4953125 0.04375 0.065625
1 0.4671875 0.45859375 0.01171875 0.034375