1 0.4140625 0.4921875 0.01484375 0.028125
1 0.44375 0.490625 0.01484375 0.02109375
1 0.45625 0.49453125 0.0171875 0.0375
1 0.40546875 0.496875 0.01484375 0.0375
1 0.3953125 0.50078125 0.0171875 0.040625
1 0.384375 0.50390625 0.01953125 0.0609375
1 0.37265625 0.503125 0.0359375 0.071875
1 0.46484375 0.49921875 0.01484375 0.0375
1 0.475 0.5046875 0.01875 0.04453125
1 0.4921875 0.5046875 0.02890625 0.0640625
1 0.51640625 0.5109375 0.03828125 0.09453125
1 0.3203125 0.49921875 0.08671875 0.14609375
1 0.36796875 0.5234375 0.02109375 0.05390625
1 0.315625 0.53203125 0.0484375 0.1265625
1 0.546875 0.51796875 0.06328125 0.1125
1 0.5875 0.54375 0.0671875 0.1359375
1 0.703125 0.56640625 0.22265625 0.25390625
1 0.08359375 0.56328125 0.1671875 0.39140625
1 0.90703125 0.6640625 0.18203125 0.3109375