1 0.3421875 0.4984375 0.09140625 0.11640625
1 0.39921875 0.4765625 0.04140625 0.071875
1 0.43203125 0.46875 0.02109375 0.05703125
1 0.45 0.45859375 0.01328125 0.03359375
1 0.4625 0.4640625 0.01171875 0.021875
1 0.471875 0.46015625 0.0109375 0.01953125
1 0.8875 0.6734375 0.22421875 0.38046875
1 0.6796875 0.5234375 0.15546875 0.1734375
1 0.578125 0.484375 0.04609375 0.078125
1 0.5578125 0.48203125 0.01953125 0.0625
1 0.5359375 0.471875 0.0296875 0.053125
1 0.51796875 0.465625 0.00859375 0.03046875
1 0.51171875 0.46171875 0.0078125 0.0265625
1 0.50625 0.46171875 0.00546875 0.021875