1 0.20625 0.6296875 0.034375 0.0515625
1 0.1796875 0.63984375 0.0484375 0.059375
1 0.1421875 0.64765625 0.0546875 0.0609375
1 0.06484375 0.65 0.103125 0.09296875
1 0.48125 0.6046875 0.0109375 0.01640625
1 0.4625 0.6046875 0.01484375 0.015625
1 0.4453125 0.6125 0.01640625 0.03046875
1 0.425 0.625 0.040625 0.059375
1 0.58671875 0.6171875 0.028125 0.03046875
1 0.3609375 0.6140625 0.0203125 0.02890625
1 0.2515625 0.6328125 0.04140625 0.0375
1 0.4921875 0.60234375 0.00625 0.0140625
1 0.5 0.61015625 0.0109375 0.015625
1 0.503125 0.6140625 0.01171875 0.01640625