0 0.9671875 0.42890625 0.03203125 0.23046875
0 0.9203125 0.43203125 0.05390625 0.240625
0 0.190625 0.48515625 0.0484375 0.196875
0 0.15 0.47578125 0.04453125 0.22109375
0 0.05390625 0.41171875 0.03828125 0.1234375
1 0.1890625 0.425 0.05703125 0.0640625
1 0.1171875 0.409375 0.09921875 0.1140625
1 0.0671875 0.571875 0.134375 0.35625
1 0.74765625 0.509375 0.38125 0.4890625
1 0.47578125 0.36796875 0.0109375 0.028125
1 0.46875 0.375 0.00859375 0.01953125
1 0.46015625 0.378125 0.0125 0.02109375
1 0.49140625 0.36328125 0.009375 0.015625
1 0.4921875 0.371875 0.0125 0.02109375
1 0.50703125 0.3703125 0.021875 0.03203125
1 0.4421875 0.3921875 0.04453125 0.053125
1 0.5328125 0.403125 0.07890625 0.08046875
0 0.3546875 0.4 0.01484375 0.08359375
0 0.3953125 0.403125 0.0109375 0.084375
0 0.403125 0.40625 0.01328125 0.08046875