1 0.0375 0.40703125 0.075 0.0296875
1 0.1453125 0.4640625 0.08984375 0.128125
1 0.225 0.478125 0.1578125 0.15390625
1 0.0625 0.49921875 0.125 0.1734375
1 0.409375 0.50703125 0.25 0.246875
0 0.37578125 0.3671875 0.01484375 0.04140625
0 0.39140625 0.3671875 0.01640625 0.0515625
0 0.4078125 0.365625 0.01328125 0.0390625
0 0.41875 0.3640625 0.01640625 0.0390625
0 0.43984375 0.3703125 0.0203125 0.0515625
0 0.4546875 0.3671875 0.0234375 0.05546875
0 0.51875 0.44375 0.03203125 0.20859375
0 0.5734375 0.53125 0.075 0.334375
0 0.69453125 0.5390625 0.084375 0.33046875
0 0.378125 0.5375 0.0671875 0.3484375
0 0.30625 0.409375 0.01796875 0.1015625