1 0.3890625 0.44453125 0.00703125 0.015625
1 0.4125 0.453125 0.01484375 0.0265625
1 0.4203125 0.4546875 0.01484375 0.03203125
1 0.43125 0.4578125 0.02734375 0.0375
1 0.3140625 0.45078125 0.02109375 0.0359375
1 0.29375 0.4515625 0.025 0.053125
1 0.27265625 0.4515625 0.03515625 0.0640625
1 0.25625 0.465625 0.02734375 0.06953125
1 0.23125 0.4671875 0.04453125 0.08046875
1 0.1859375 0.46953125 0.071875 0.10703125
1 0.14375 0.4796875 0.09296875 0.11640625
1 0.4515625 0.459375 0.03203125 0.0625
1 0.4734375 0.46953125 0.03984375 0.06953125
1 0.5015625 0.475 0.05078125 0.09140625
1 0.51328125 0.48515625 0.03203125 0.08203125
1 0.85234375 0.5578125 0.29140625 0.3765625
1 0.059375 0.49296875 0.11875 0.1984375
1 0.340625 0.4609375 0.0375 0.0609375
1 0.3953125 0.4453125 0.0125 0.01640625
1 0.38125 0.44375 0.009375 0.0125
1 0.6140625 0.5390625 0.2203125 0.265625