1 0.06875 0.421875 0.13671875 0.36953125
0 0.12265625 0.29296875 0.01640625 0.05390625
0 0.10625 0.3046875 0.0234375 0.10546875
0 0.15234375 0.290625 0.0125 0.046875
1 0.71953125 0.3578125 0.1703125 0.1140625
1 0.37421875 0.3015625 0.02109375 0.03359375
1 0.3515625 0.315625 0.040625 0.05859375
1 0.27734375 0.2859375 0.03828125 0.034375
1 0.3140625 0.3203125 0.04921875 0.075
1 0.25078125 0.34375 0.11015625 0.128125
0 0.4875 0.33671875 0.009375 0.05390625
0 0.47890625 0.32578125 0.0078125 0.0515625
0 0.553125 0.328125 0.01171875 0.05
1 0.41875 0.31171875 0.0234375 0.0375
1 0.40390625 0.303125 0.01015625 0.02109375
1 0.39375 0.296875 0.0140625 0.025
1 0.89140625 0.64375 0.21328125 0.24296875
0 0.059375 0.284375 0.01484375 0.05390625