1 0.0296875 0.621875 0.05703125 0.19609375
1 0.1625 0.5609375 0.075 0.0609375
1 0.2125 0.55 0.03828125 0.053125
1 0.25 0.55 0.03671875 0.0484375
1 0.271875 0.54765625 0.02421875 0.040625
1 0.29453125 0.55 0.02421875 0.0359375
1 0.3125 0.5453125 0.03984375 0.0390625
1 0.39375 0.55234375 0.01796875 0.01953125
1 0.4109375 0.54140625 0.01796875 0.028125
1 0.459375 0.5578125 0.0875 0.13203125
1 0.50625 0.52734375 0.025 0.05703125
1 0.52421875 0.53515625 0.0140625 0.0359375
1 0.7546875 0.525 0.08125 0.05
1 0.36484375 0.54921875 0.02265625 0.025