1 0.04375 0.58359375 0.0875 0.3109375
1 0.1546875 0.5171875 0.2359375 0.2640625
1 0.3890625 0.5484375 0.265625 0.3515625
1 0.53984375 0.446875 0.00859375 0.0265625
1 0.5484375 0.44921875 0.0109375 0.0265625
1 0.553125 0.4515625 0.0125 0.028125
1 0.5609375 0.45625 0.015625 0.034375
1 0.56953125 0.46015625 0.01796875 0.034375
1 0.58125 0.4609375 0.01796875 0.0359375
1 0.59609375 0.46484375 0.021875 0.0375
1 0.6125 0.4671875 0.021875 0.040625
1 0.6875 0.47265625 0.0703125 0.0625
1 0.984375 0.5609375 0.0265625 0.171875
1 0.6421875 0.47109375 0.040625 0.0484375