1 0.1796875 0.6875 0.028125 0.0359375
1 0.1515625 0.69140625 0.03359375 0.040625
1 0.11328125 0.68984375 0.04296875 0.046875
1 0.05234375 0.68046875 0.075 0.0765625
1 0.0296875 0.68984375 0.05859375 0.075
1 0.4890625 0.69765625 0.0203125 0.03046875
1 0.9609375 0.6921875 0.0453125 0.04140625
1 0.925 0.6921875 0.02578125 0.053125
1 0.896875 0.70234375 0.03359375 0.053125
1 0.9796875 0.734375 0.03828125 0.05703125
1 0.365625 0.69375 0.0125 0.0109375
1 0.39765625 0.69375 0.01796875 0.0265625
1 0.8734375 0.71328125 0.05078125 0.05
1 0.7890625 0.72578125 0.07421875 0.06640625
1 0.578125 0.725 0.17265625 0.1265625
1 0.2484375 0.684375 0.0265625 0.0265625
1 0.278125 0.69296875 0.02265625 0.025
1 0.9375 0.7515625 0.0828125 0.07890625