1 0.50703125 0.371875 0.015625 0.0265625
1 0.5140625 0.38125 0.0171875 0.02109375
1 0.528125 0.3890625 0.015625 0.021875
1 0.7453125 0.4546875 0.06015625 0.1125
1 0.48125 0.37421875 0.015625 0.0140625
1 0.484375 0.3984375 0.0171875 0.0375
1 0.4671875 0.37421875 0.01328125 0.01640625
1 0.4484375 0.38515625 0.01171875 0.0265625
1 0.4390625 0.39140625 0.0171875 0.034375
1 0.42265625 0.3953125 0.01640625 0.0484375
1 0.4 0.4046875 0.040625 0.06796875
1 0.384375 0.4234375 0.03125 0.0640625
1 0.3671875 0.42578125 0.03203125 0.08203125
1 0.315625 0.4328125 0.11328125 0.140625
1 0.228125 0.4875 0.15078125 0.171875
1 0.1046875 0.5484375 0.2078125 0.3484375
1 0.90234375 0.475 0.19375 0.225
1 0.62890625 0.38125 0.19296875 0.3265625
1 0.4625 0.41015625 0.04453125 0.065625