1 0.565625 0.42890625 0.01328125 0.028125
1 0.5546875 0.42265625 0.01171875 0.0265625
1 0.5109375 0.44140625 0.02109375 0.03046875
1 0.58125 0.43828125 0.0234375 0.046875
1 0.6796875 0.4640625 0.06484375 0.10859375
1 0.4484375 0.48203125 0.03984375 0.0890625
1 0.415625 0.5109375 0.06171875 0.13046875
1 0.534375 0.4453125 0.03046875 0.046875
1 0.6125 0.4453125 0.05 0.07109375
1 0.48203125 0.44296875 0.02734375 0.03359375
1 0.7578125 0.509375 0.18828125 0.19140625
1 0.06328125 0.55703125 0.1265625 0.27890625