1 0.4609375 0.51484375 0.02734375 0.0375
1 0.415625 0.5265625 0.021875 0.02890625
1 0.3390625 0.5203125 0.04140625 0.0484375
1 0.528125 0.5203125 0.02109375 0.01953125
1 0.60390625 0.5484375 0.0671875 0.084375
1 0.5484375 0.5265625 0.01875 0.05703125
1 0.503125 0.50625 0.0078125 0.01796875
1 0.2875 0.5421875 0.0625 0.1109375
1 0.20703125 0.559375 0.12265625 0.1390625
1 0.071875 0.58984375 0.14296875 0.23046875
1 0.8875 0.771875 0.22109375 0.44140625
1 0.5703125 0.540625 0.025 0.0640625
1 0.5578125 0.53203125 0.025 0.05703125