1 0.246875 0.55390625 0.03671875 0.04609375
1 0.3625 0.534375 0.028125 0.0390625
1 0.4203125 0.5265625 0.0125 0.0140625
1 0.45625 0.52109375 0.0140625 0.021875
1 0.4421875 0.521875 0.0140625 0.025
1 0.4296875 0.525 0.009375 0.02109375
1 0.3953125 0.525 0.034375 0.03359375
1 0.2015625 0.55859375 0.03828125 0.046875
1 0.1265625 0.6296875 0.12734375 0.1625
1 0.51875 0.5359375 0.103125 0.0640625
1 0.47734375 0.5140625 0.01796875 0.01796875
1 0.3046875 0.634375 0.19375 0.209375
1 0.096875 0.75390625 0.19375 0.4734375
1 0.559375 0.70859375 0.278125 0.346875