1 0.0765625 0.77421875 0.1515625 0.4484375
1 0.69453125 0.75703125 0.42421875 0.48046875
1 0.171875 0.69921875 0.08828125 0.14453125
1 0.228125 0.66796875 0.05859375 0.1015625
1 0.2609375 0.6484375 0.0203125 0.03203125
1 0.32109375 0.6421875 0.01015625 0.021875
1 0.3265625 0.64296875 0.009375 0.02109375
1 0.33828125 0.6421875 0.02265625 0.0390625
1 0.3453125 0.6484375 0.0203125 0.05390625
1 0.35390625 0.65234375 0.02890625 0.06953125
1 0.36875 0.65390625 0.0328125 0.090625
1 0.3828125 0.66640625 0.04140625 0.115625
1 0.4140625 0.6765625 0.07265625 0.1515625
1 0.4765625 0.690625 0.1125 0.246875
1 0.2875 0.64140625 0.00703125 0.015625
1 0.29453125 0.63828125 0.00546875 0.0140625
1 0.3 0.63359375 0.003125 0.015625
1 0.3046875 0.63125 0.00546875 0.0109375
1 0.3109375 0.628125 0.00625 0.015625
1 0.27890625 0.646875 0.02109375 0.03046875
1 0.309375 0.64609375 0.0140625 0.0265625