1 0.4984375 0.51796875 0.0171875 0.01953125
1 0.4765625 0.53359375 0.03203125 0.0375
1 0.46875 0.5109375 0.02734375 0.02109375
1 0.4484375 0.50859375 0.0140625 0.01640625
1 0.4328125 0.5 0.01484375 0.0125
1 0.3875 0.53046875 0.0234375 0.03359375
1 0.3578125 0.53515625 0.04453125 0.06796875
1 0.2484375 0.53984375 0.03203125 0.05703125
1 0.425 0.571875 0.09453125 0.1265625
1 0.3046875 0.5515625 0.096875 0.10859375
1 0.153125 0.5640625 0.17265625 0.14453125
1 0.89296875 0.790625 0.2109375 0.415625
1 0.5828125 0.5328125 0.05234375 0.05390625
1 0.54296875 0.53046875 0.02734375 0.04296875
1 0.0171875 0.81875 0.0328125 0.2625