1 0.859375 0.53828125 0.2796875 0.44296875
1 0.7015625 0.521875 0.0953125 0.1875
1 0.6296875 0.50625 0.06484375 0.084375
0 0.546875 0.46953125 0.01875 0.05703125
0 0.565625 0.46796875 0.01640625 0.059375
0 0.3421875 0.478125 0.021875 0.08046875
0 0.4296875 0.45546875 0.01171875 0.03359375
1 0.490625 0.45234375 0.021875 0.028125
1 0.5 0.4421875 0.01171875 0.01640625
1 0.515625 0.45234375 0.01328125 0.0234375
0 0.6265625 0.453125 0.01171875 0.02109375
0 0.615625 0.45 0.00703125 0.028125
1 0.53828125 0.45625 0.01875 0.03203125