0 0.39296875 0.39765625 0.040625 0.28203125
0 0.41875 0.40546875 0.01875 0.246875
0 0.453125 0.3875 0.0453125 0.25
0 0.49921875 0.39453125 0.04375 0.25
1 0.078125 0.35234375 0.021875 0.0265625
1 0.14296875 0.34609375 0.0109375 0.01953125
1 0.1390625 0.34609375 0.0125 0.0234375
1 0.1234375 0.34765625 0.0234375 0.0390625
1 0.1 0.35078125 0.02421875 0.03359375
1 0.053125 0.35703125 0.0296875 0.03203125
1 0.1578125 0.34765625 0.01484375 0.01953125
1 0.171875 0.34609375 0.0109375 0.0234375
1 0.19375 0.353125 0.040625 0.05390625
1 0.57265625 0.3171875 0.02890625 0.0390625
1 0.6328125 0.3140625 0.09453125 0.05546875
1 0.7609375 0.303125 0.02578125 0.04296875
1 0.79921875 0.29765625 0.06171875 0.04296875
1 0.8390625 0.28984375 0.021875 0.04609375
1 0.97734375 0.31484375 0.040625 0.04296875
1 0.9796875 0.28671875 0.03515625 0.03203125