1 0.0140625 0.55 0.02734375 0.0734375
1 0.0375 0.5484375 0.021875 0.0609375
1 0.065625 0.54375 0.0390625 0.0609375
1 0.17734375 0.534375 0.046875 0.04609375
1 0.2875 0.52265625 0.0234375 0.0234375
1 0.3140625 0.51640625 0.02109375 0.025
1 0.34375 0.51328125 0.02734375 0.03203125
1 0.40625 0.52109375 0.05859375 0.0875
1 0.43984375 0.5171875 0.01484375 0.04453125
1 0.45 0.5109375 0.0171875 0.0390625
0 0.69765625 0.565625 0.07421875 0.325
0 0.771875 0.5125 0.0484375 0.21640625
0 0.8265625 0.5140625 0.04296875 0.1875
0 0.13046875 0.53203125 0.00625 0.03046875
0 0.1109375 0.5359375 0.009375 0.04609375
0 0.0984375 0.52890625 0.00703125 0.02890625
0 0.5359375 0.503125 0.01640625 0.0625
0 0.6484375 0.58125 0.05859375 0.25703125
0 0.67109375 0.4671875 0.01875 0.0484375
0 0.953125 0.60703125 0.09140625 0.603125