1 0.54453125 0.42421875 0.01640625 0.01953125
1 0.5578125 0.4359375 0.02421875 0.02890625
1 0.58046875 0.44375 0.02578125 0.04140625
1 0.5984375 0.4484375 0.03046875 0.05859375
1 0.6359375 0.453125 0.0515625 0.075
1 0.68125 0.47109375 0.08984375 0.0984375
1 0.81875 0.5 0.17734375 0.203125
1 0.51328125 0.4203125 0.0171875 0.01953125
1 0.059375 0.49609375 0.11640625 0.1625
1 0.1765625 0.49296875 0.128125 0.1140625
1 0.2703125 0.471875 0.0546875 0.09609375
1 0.321875 0.471875 0.0515625 0.0625
1 0.3625 0.45859375 0.03203125 0.05
1 0.3859375 0.453125 0.02265625 0.04296875
1 0.403125 0.453125 0.01484375 0.040625
1 0.95 0.59765625 0.0953125 0.196875