1 0.1234375 0.49140625 0.246875 0.30859375
1 0.271875 0.4328125 0.128125 0.1875
1 0.35 0.40078125 0.0671875 0.1015625
1 0.3859375 0.38828125 0.028125 0.05546875
1 0.4078125 0.38125 0.009375 0.034375
1 0.42109375 0.378125 0.01171875 0.02890625
1 0.43125 0.37109375 0.01171875 0.0234375
1 0.440625 0.3609375 0.01171875 0.021875
1 0.70625 0.43359375 0.19765625 0.240625
1 0.91484375 0.36796875 0.16640625 0.15703125
1 0.58515625 0.4078125 0.0765625 0.10859375
1 0.5453125 0.39609375 0.02890625 0.075
1 0.5328125 0.38984375 0.0234375 0.065625
1 0.5171875 0.3796875 0.0171875 0.04453125
1 0.50625 0.3765625 0.0265625 0.04140625
1 0.48828125 0.36953125 0.01171875 0.03046875
1 0.4765625 0.3640625 0.01484375 0.0234375