0 0.26875 0.484375 0.028125 0.134375
1 0.43046875 0.421875 0.01015625 0.0140625
1 0.421875 0.425 0.01015625 0.0125
1 0.41171875 0.428125 0.01171875 0.01796875
1 0.4 0.434375 0.01640625 0.021875
1 0.3859375 0.434375 0.01328125 0.021875
1 0.378125 0.440625 0.0109375 0.01953125
1 0.371875 0.44453125 0.0140625 0.0234375
1 0.3609375 0.44375 0.01171875 0.03359375
1 0.34453125 0.44765625 0.02890625 0.034375
1 0.3171875 0.46328125 0.021875 0.053125
1 0.2953125 0.46953125 0.02421875 0.05703125
1 0.20625 0.50234375 0.103125 0.11796875
1 0.478125 0.42421875 0.01328125 0.0265625
1 0.4859375 0.428125 0.00703125 0.0265625
1 0.49609375 0.42890625 0.01484375 0.03046875
1 0.5 0.434375 0.01171875 0.034375
1 0.51171875 0.43515625 0.01953125 0.0484375
1 0.52109375 0.446875 0.02109375 0.05703125
1 0.5515625 0.4515625 0.05078125 0.09296875
1 0.5984375 0.4640625 0.0828125 0.10390625
1 0.45 0.42578125 0.0234375 0.034375