1 0.484375 0.425 0.0109375 0.028125
1 0.478125 0.428125 0.01171875 0.02109375
1 0.4421875 0.45859375 0.015625 0.0484375
1 0.4328125 0.4609375 0.01875 0.0484375
1 0.42265625 0.465625 0.01484375 0.0484375
1 0.4109375 0.4625 0.0234375 0.05703125
1 0.396875 0.46796875 0.02109375 0.0640625
1 0.57109375 0.453125 0.01328125 0.0375
1 0.58125 0.45078125 0.01484375 0.065625
1 0.6078125 0.453125 0.05234375 0.07890625
1 0.46484375 0.44609375 0.01953125 0.0375
1 0.509375 0.42890625 0.0171875 0.0234375
1 0.553125 0.44609375 0.02109375 0.0375
1 0.49375 0.45390625 0.03203125 0.0484375
1 0.65625 0.4765625 0.0734375 0.0984375
1 0.3546875 0.46875 0.090625 0.121875