1 0.10625 0.5484375 0.21015625 0.26953125
1 0.215625 0.47890625 0.0921875 0.12890625
1 0.4703125 0.4734375 0.05078125 0.12109375
1 0.4046875 0.45078125 0.0171875 0.053125
1 0.41875 0.45234375 0.01640625 0.046875
1 0.4421875 0.45 0.02734375 0.05390625
1 0.8921875 0.44765625 0.096875 0.06640625
1 0.81796875 0.43984375 0.0453125 0.0359375
1 0.9734375 0.44453125 0.0515625 0.0484375
1 0.58125 0.5390625 0.24296875 0.33203125
1 0.3734375 0.45546875 0.04375 0.06796875
0 0.7265625 0.44453125 0.0109375 0.059375
0 0.696875 0.43828125 0.00703125 0.046875
0 0.7484375 0.45078125 0.00859375 0.0640625
0 0.759375 0.4359375 0.01171875 0.034375
0 0.3140625 0.45 0.01328125 0.05390625
0 0.30625 0.4484375 0.00859375 0.0515625