1 0.3234375 0.4703125 0.034375 0.04296875
1 0.41953125 0.465625 0.028125 0.025
1 0.39375 0.46953125 0.02578125 0.04609375
1 0.15625 0.4671875 0.09921875 0.09296875
1 0.2640625 0.46875 0.08203125 0.08359375
1 0.3625 0.4765625 0.0609375 0.071875
1 0.44921875 0.46640625 0.02734375 0.0359375
1 0.4734375 0.46875 0.021875 0.028125
1 0.49375 0.46875 0.01796875 0.0265625
1 0.5328125 0.465625 0.015625 0.0265625
1 0.51875 0.46640625 0.01171875 0.021875
1 0.5078125 0.4671875 0.01171875 0.0234375
1 0.60390625 0.4875 0.0375 0.053125
1 0.5671875 0.4609375 0.01328125 0.01796875
1 0.03515625 0.5265625 0.0703125 0.1375