1 0.475 0.46875 0.025 0.03203125
1 0.4578125 0.465625 0.00703125 0.015625
1 0.4515625 0.4703125 0.009375 0.01796875
1 0.44375 0.471875 0.0109375 0.021875
1 0.4359375 0.478125 0.0109375 0.028125
1 0.425 0.48125 0.01484375 0.040625
1 0.40390625 0.4765625 0.03359375 0.07109375
1 0.38125 0.48515625 0.0375 0.084375
1 0.3109375 0.5 0.15390625 0.20546875
1 0.49375 0.465625 0.01171875 0.02890625
1 0.5 0.4671875 0.01015625 0.03359375
1 0.51328125 0.4671875 0.01953125 0.0359375
1 0.521875 0.471875 0.01875 0.0390625
1 0.53203125 0.47734375 0.01640625 0.04609375
1 0.546875 0.484375 0.02109375 0.065625
1 0.5640625 0.484375 0.03515625 0.09296875
1 0.6 0.49609375 0.05625 0.1359375
1 0.67890625 0.4953125 0.13203125 0.225
1 0.8328125 0.5453125 0.33203125 0.3625