0 0.328125 0.51875 0.0328125 0.10703125
1 0.69765625 0.55625 0.0296875 0.04296875
1 0.66328125 0.55625 0.04140625 0.05390625
1 0.903125 0.5984375 0.0265625 0.04140625
1 0.91875 0.60625 0.02734375 0.04140625
1 0.26875 0.503125 0.0953125 0.0765625
1 0.8703125 0.584375 0.0453125 0.0375
1 0.83359375 0.57890625 0.021875 0.021875
1 0.8125 0.578125 0.015625 0.015625
1 0.79609375 0.575 0.0125 0.01640625
1 0.759375 0.5671875 0.01875 0.02109375
1 0.72734375 0.56328125 0.02421875 0.0359375
1 0.61015625 0.56171875 0.0578125 0.065625
1 0.953125 0.621875 0.05078125 0.065625
1 0.0734375 0.47421875 0.146875 0.1484375
1 0.7828125 0.5625 0.021875 0.03046875