1 0.7390625 0.43671875 0.009375 0.025
1 0.75625 0.4328125 0.02578125 0.0390625
1 0.778125 0.43984375 0.03515625 0.04609375
1 0.803125 0.44921875 0.03359375 0.06796875
1 0.6921875 0.4390625 0.03046875 0.034375
1 0.6265625 0.4421875 0.0125 0.046875
1 0.6125 0.4421875 0.02578125 0.04296875
1 0.5875 0.45 0.0484375 0.05546875
1 0.665625 0.44296875 0.04296875 0.05546875
1 0.63671875 0.446875 0.01953125 0.025
1 0.8421875 0.4625 0.08984375 0.1
1 0.9703125 0.59609375 0.059375 0.20859375
0 0.1625 0.478125 0.028125 0.13359375
0 0.3421875 0.48515625 0.0125 0.0640625