1 0.03125 0.46796875 0.0625 0.0671875
1 0.06953125 0.465625 0.034375 0.05390625
1 0.09375 0.46015625 0.034375 0.046875
1 0.15859375 0.446875 0.034375 0.0484375
1 0.2203125 0.44609375 0.02890625 0.0375
1 0.1796875 0.44765625 0.00703125 0.0234375
1 0.190625 0.44765625 0.00859375 0.0265625
1 0.19765625 0.446875 0.01015625 0.01953125
1 0.56875 0.42578125 0.03515625 0.0375
1 0.5953125 0.421875 0.01640625 0.0265625
1 0.60859375 0.41796875 0.01640625 0.028125
1 0.6328125 0.4140625 0.03125 0.03359375
1 0.746875 0.4203125 0.01640625 0.05546875
1 0.6890625 0.41484375 0.03203125 0.025
1 0.7140625 0.40859375 0.0140625 0.0125
1 0.73984375 0.40625 0.021875 0.01640625