0 0.2515625 0.5359375 0.01484375 0.09609375
0 0.24140625 0.5421875 0.01015625 0.1015625
0 0.2203125 0.528125 0.021875 0.096875
0 0.271875 0.546875 0.01796875 0.1140625
0 0.9625 0.6015625 0.03203125 0.12890625
1 0.6375 0.54765625 0.02890625 0.06953125
1 0.6453125 0.55703125 0.025 0.06953125
1 0.6890625 0.56484375 0.0859375 0.128125
1 0.609375 0.56484375 0.046875 0.115625
1 0.9015625 0.56875 0.07578125 0.07109375
1 0.9546875 0.6015625 0.090625 0.103125
1 0.9875 0.68046875 0.02421875 0.128125
1 0.13359375 0.684375 0.265625 0.4640625
1 0.4484375 0.625 0.31953125 0.51796875
1 0.80625 0.6125 0.2125 0.20546875