1 0.196875 0.62578125 0.15859375 0.209375
1 0.4453125 0.625 0.0953125 0.1390625
1 0.34375 0.584375 0.0515625 0.0625
1 0.06640625 0.6625 0.11953125 0.109375
1 0.3046875 0.58671875 0.0265625 0.046875
1 0.2859375 0.584375 0.02890625 0.046875
1 0.4046875 0.56640625 0.03046875 0.03203125
1 0.3796875 0.56328125 0.028125 0.04453125
1 0.5140625 0.5640625 0.021875 0.0390625
0 0.5640625 0.57265625 0.01640625 0.0765625
0 0.5421875 0.55390625 0.0125 0.084375
0 0.79375 0.559375 0.0296875 0.11953125
0 0.7640625 0.546875 0.02265625 0.075
0 0.953125 0.60546875 0.0375 0.178125
0 0.528125 0.56171875 0.0125 0.065625
1 0.2734375 0.5859375 0.02265625 0.053125