0 0.0078125 0.6421875 0.015625 0.084375
0 0.04140625 0.64453125 0.01640625 0.05703125
0 0.575 0.6296875 0.021875 0.1015625
1 0.4375 0.6046875 0.01171875 0.01796875
1 0.4265625 0.6046875 0.01484375 0.021875
1 0.4140625 0.61015625 0.021875 0.021875
1 0.4 0.61171875 0.0125 0.025
1 0.390625 0.61171875 0.01171875 0.02890625
1 0.378125 0.615625 0.0203125 0.0359375
1 0.3609375 0.6203125 0.03125 0.04453125
1 0.34453125 0.628125 0.02734375 0.053125
1 0.32421875 0.62890625 0.03359375 0.0640625
1 0.4859375 0.60546875 0.01484375 0.025
1 0.5 0.6046875 0.02265625 0.0390625
1 0.5125 0.61171875 0.01640625 0.040625
1 0.51796875 0.6140625 0.01796875 0.053125
1 0.5296875 0.6203125 0.01796875 0.0609375
1 0.4640625 0.6046875 0.01796875 0.03046875
1 0.2828125 0.6421875 0.078125 0.0875