1 0.4015625 0.61015625 0.01171875 0.0109375
1 0.371875 0.609375 0.009375 0.01796875
1 0.3515625 0.6296875 0.02421875 0.034375
1 0.290625 0.62578125 0.00625 0.01640625
1 0.284375 0.62578125 0.00625 0.01953125
1 0.26875 0.6296875 0.0125 0.01796875
1 0.209375 0.64765625 0.06171875 0.065625
1 0.028125 0.859375 0.05625 0.265625
1 0.390625 0.63046875 0.03671875 0.0515625
1 0.41484375 0.609375 0.01015625 0.01953125
1 0.421875 0.6171875 0.0078125 0.0234375
1 0.43125 0.61953125 0.0109375 0.02890625
1 0.44453125 0.621875 0.01484375 0.03359375
1 0.4484375 0.63203125 0.01484375 0.0390625
1 0.4734375 0.62421875 0.03828125 0.05546875
1 0.61015625 0.6109375 0.13671875 0.0875
1 0.9203125 0.58515625 0.12890625 0.071875
1 0.91171875 0.8390625 0.1765625 0.321875
0 0.8796875 0.559375 0.01484375 0.04453125
0 0.75859375 0.60625 0.03125 0.128125
1 0.27890625 0.628125 0.00625 0.015625