0 0.0328125 0.60546875 0.0265625 0.1109375
1 0.47890625 0.5984375 0.01796875 0.0265625
1 0.4625 0.5953125 0.0109375 0.01953125
1 0.45390625 0.596875 0.01015625 0.01953125
1 0.4453125 0.5953125 0.0125 0.025
1 0.434375 0.6 0.01953125 0.034375
1 0.4265625 0.609375 0.01953125 0.040625
1 0.41171875 0.6046875 0.0234375 0.065625
1 0.3984375 0.6125 0.03671875 0.06953125
1 0.35234375 0.628125 0.08984375 0.11640625
1 0.496875 0.60390625 0.01015625 0.02890625
1 0.4984375 0.59765625 0.01796875 0.03203125
1 0.50703125 0.603125 0.02109375 0.0375
1 0.528125 0.61015625 0.0375 0.0515625
1 0.578125 0.63671875 0.06796875 0.0890625
1 0.609375 0.66875 0.08203125 0.10546875
0 0.0546875 0.603125 0.0234375 0.1109375
1 0.86484375 0.7765625 0.2703125 0.32109375