0 0.22734375 0.42578125 0.01640625 0.0859375
0 0.30390625 0.45078125 0.0109375 0.05546875
0 0.33125 0.44453125 0.0109375 0.05
0 0.29375 0.44375 0.015625 0.06796875
0 0.2359375 0.453125 0.0140625 0.084375
0 0.21015625 0.44609375 0.02421875 0.10546875
1 0.534375 0.45703125 0.01328125 0.015625
1 0.515625 0.453125 0.0109375 0.01796875
1 0.565625 0.45703125 0.00703125 0.015625
1 0.5875 0.4609375 0.0109375 0.01640625
1 0.5984375 0.45625 0.0109375 0.01796875
1 0.63125 0.4640625 0.04921875 0.0484375
1 0.675 0.4703125 0.03984375 0.05
1 0.50078125 0.4515625 0.01953125 0.025
1 0.55546875 0.453125 0.01484375 0.01796875
1 0.57578125 0.45546875 0.01328125 0.0234375
1 0.72109375 0.484375 0.06875 0.078125
1 0.7625 0.4921875 0.0171875 0.046875
1 0.81796875 0.484375 0.090625 0.09296875
1 0.87421875 0.5109375 0.09453125 0.0875
1 0.4375 0.46015625 0.03828125 0.0484375
0 0.9484375 0.50625 0.01328125 0.084375
1 0.5234375 0.453125 0.00859375 0.01796875
0 0.396875 0.43984375 0.0078125 0.0265625
0 0.403125 0.44296875 0.00703125 0.034375
0 0.378125 0.43671875 0.0078125 0.028125