1 0.4453125 0.75859375 0.02109375 0.0265625
1 0.48984375 0.75078125 0.01171875 0.01953125
1 0.2703125 0.778125 0.02109375 0.04140625
1 0.2921875 0.7765625 0.03046875 0.03359375
1 0.31796875 0.765625 0.03671875 0.034375
1 0.35 0.76484375 0.025 0.0375
1 0.5671875 0.74765625 0.0109375 0.01953125
1 0.57578125 0.75078125 0.01484375 0.01953125
1 0.1796875 0.78515625 0.025 0.0609375
1 0.225 0.775 0.075 0.0859375
1 0.06875 0.80234375 0.0921875 0.075
1 0.55390625 0.75390625 0.01328125 0.02109375
1 0.5265625 0.75078125 0.01953125 0.028125
1 0.5046875 0.7515625 0.02734375 0.034375
1 0.46875 0.76328125 0.0359375 0.0484375
1 0.5890625 0.75078125 0.0234375 0.0234375
1 0.634375 0.74453125 0.02890625 0.040625
1 0.72578125 0.75078125 0.04375 0.046875
1 0.8796875 0.759375 0.14140625 0.1265625
1 0.3875 0.7640625 0.0375 0.034375