1 0.571875 0.4234375 0.0171875 0.028125
1 0.515625 0.4375 0.040625 0.0625
1 0.48984375 0.4203125 0.01171875 0.01640625
1 0.4703125 0.4203125 0.025 0.028125
1 0.4234375 0.4171875 0.02890625 0.0359375
1 0.4015625 0.42109375 0.015625 0.02890625
1 0.38359375 0.415625 0.0234375 0.028125
1 0.3640625 0.41328125 0.01484375 0.0265625
1 0.3328125 0.41484375 0.0296875 0.03046875
1 0.3 0.41171875 0.0203125 0.03359375
1 0.615625 0.434375 0.0234375 0.03046875
1 0.63671875 0.45 0.034375 0.04453125
1 0.77734375 0.47109375 0.05859375 0.08046875
1 0.5421875 0.45390625 0.0609375 0.0875
1 0.7 0.478125 0.11171875 0.140625