1 0.3921875 0.37734375 0.01328125 0.034375
1 0.371875 0.3765625 0.0265625 0.05546875
1 0.3359375 0.3875 0.06171875 0.06640625
1 0.459375 0.35078125 0.01015625 0.015625
1 0.45 0.353125 0.01328125 0.02109375
1 0.4359375 0.36171875 0.01875 0.0265625
1 0.41484375 0.36953125 0.028125 0.03046875
1 0.2921875 0.4078125 0.0515625 0.0609375
1 0.2390625 0.42265625 0.0609375 0.090625
1 0.49453125 0.35703125 0.0125 0.02109375
1 0.50390625 0.36796875 0.01484375 0.03046875
1 0.51640625 0.371875 0.01640625 0.040625
1 0.528125 0.375 0.0203125 0.04609375
1 0.6875 0.415625 0.16484375 0.2640625
1 0.128125 0.434375 0.17890625 0.171875
1 0.56328125 0.3828125 0.05859375 0.06796875
1 0.84921875 0.46484375 0.30078125 0.625
1 0.471875 0.346875 0.01640625 0.021875