1 0.2703125 0.1859375 0.053125 0.0765625
1 0.228125 0.2140625 0.07421875 0.13203125
1 0.1640625 0.21796875 0.11875 0.19609375
1 0.5015625 0.23046875 0.0484375 0.05859375
1 0.540625 0.240625 0.0515625 0.0640625
1 0.61953125 0.246875 0.071875 0.0859375
1 0.3921875 0.2140625 0.04765625 0.05546875
1 0.70625 0.284375 0.221875 0.246875
1 0.4265625 0.215625 0.03125 0.0390625
1 0.31796875 0.19453125 0.021875 0.0359375
1 0.3 0.19140625 0.0203125 0.0390625
1 0.8734375 0.315625 0.1015625 0.13203125
0 0.934375 0.21875 0.02421875 0.08203125
0 0.89375 0.21875 0.015625 0.08203125
0 0.9140625 0.215625 0.0203125 0.09453125
0 0.45703125 0.21484375 0.009375 0.0375
0 0.4734375 0.2203125 0.01015625 0.04453125