1 0.4296875 0.36328125 0.0203125 0.025
1 0.409375 0.36328125 0.01640625 0.01640625
1 0.40078125 0.36953125 0.01796875 0.02890625
1 0.3890625 0.3765625 0.0265625 0.034375
1 0.365625 0.3828125 0.03984375 0.046875
1 0.315625 0.3984375 0.06328125 0.1
1 0.29609375 0.4125 0.0578125 0.1234375
1 0.203125 0.421875 0.184375 0.21953125
1 0.04375 0.57265625 0.0875 0.2671875
1 0.453125 0.3625 0.015625 0.01953125
1 0.465625 0.36953125 0.01953125 0.02109375
1 0.48203125 0.371875 0.01953125 0.025
1 0.49921875 0.3765625 0.025 0.034375
1 0.5125 0.3921875 0.0296875 0.05703125
1 0.5453125 0.39296875 0.05 0.0765625
1 0.5890625 0.41328125 0.0671875 0.09609375
1 0.646875 0.4265625 0.11875 0.14296875
1 0.77109375 0.484375 0.2375 0.228125