1 0.03203125 0.53203125 0.0625 0.0859375
1 0.12734375 0.54765625 0.096875 0.090625
1 0.340625 0.51875 0.10234375 0.06953125
1 0.45625 0.509375 0.0484375 0.04453125
1 0.67109375 0.53046875 0.059375 0.09296875
1 0.5890625 0.528125 0.08359375 0.08203125
1 0.915625 0.5296875 0.05859375 0.0609375
1 0.534375 0.509375 0.0359375 0.0609375
1 0.8671875 0.51171875 0.046875 0.05859375
1 0.80234375 0.51640625 0.0328125 0.0375
1 0.78125 0.50546875 0.015625 0.0265625
1 0.76875 0.503125 0.0171875 0.028125
1 0.7078125 0.51640625 0.015625 0.05546875
1 0.71484375 0.50546875 0.01875 0.02890625
1 0.73359375 0.503125 0.00703125 0.015625
1 0.828125 0.509375 0.0234375 0.03359375