1 0.8265625 0.67890625 0.3453125 0.384375
1 0.45 0.63359375 0.0640625 0.1
1 0.5875 0.64765625 0.09375 0.10703125
1 0.52734375 0.6375 0.03828125 0.05859375
1 0.40625 0.621875 0.028125 0.05
0 0.146875 0.6015625 0.0171875 0.04453125
0 0.17421875 0.6015625 0.00703125 0.03359375
0 0.1796875 0.6 0.009375 0.0359375
0 0.1890625 0.6015625 0.00703125 0.0359375
0 0.32578125 0.6328125 0.0078125 0.0484375
0 0.33515625 0.61015625 0.0109375 0.01796875
0 0.28984375 0.628125 0.0140625 0.053125
0 0.27734375 0.62421875 0.01015625 0.05390625
0 0.265625 0.6125 0.00859375 0.0359375
0 0.64609375 0.63671875 0.01328125 0.06796875
0 0.634375 0.63046875 0.00625 0.05859375