1 0.59375 0.41640625 0.0140625 0.025
1 0.61171875 0.41796875 0.02265625 0.0359375
1 0.4890625 0.421875 0.01015625 0.025
1 0.39453125 0.440625 0.03671875 0.053125
1 0.47578125 0.425 0.0140625 0.021875
1 0.625 0.421875 0.02578125 0.03203125
1 0.5375 0.43828125 0.10078125 0.19609375
1 0.4359375 0.434375 0.04140625 0.05390625
1 0.3640625 0.44375 0.04609375 0.059375
1 0.7390625 0.4546875 0.11640625 0.153125
1 0.1109375 0.4953125 0.221875 0.2625
0 0.23203125 0.44375 0.01015625 0.065625
0 0.24140625 0.44375 0.00859375 0.06796875
0 0.25 0.44375 0.00859375 0.06796875
0 0.225 0.440625 0.0046875 0.0625
0 0.80390625 0.4125 0.01328125 0.06953125
0 0.81796875 0.415625 0.0125 0.059375
0 0.6609375 0.4171875 0.0078125 0.04609375