1 0.0203125 0.415625 0.040625 0.0765625
1 0.078125 0.403125 0.090625 0.0765625
1 0.14609375 0.3921875 0.05234375 0.07109375
1 0.1765625 0.38125 0.0328125 0.06953125
1 0.27265625 0.378125 0.0390625 0.04453125
1 0.2953125 0.371875 0.0234375 0.04453125
1 0.31875 0.37109375 0.02265625 0.034375
1 0.340625 0.36796875 0.01875 0.03359375
1 0.3625 0.3640625 0.02265625 0.028125
1 0.3828125 0.3640625 0.0203125 0.028125
1 0.5015625 0.38984375 0.0703125 0.10390625
1 0.57890625 0.375 0.05859375 0.0859375
1 0.915625 0.421875 0.16484375 0.1515625
1 0.803125 0.38984375 0.1234375 0.11796875
1 0.7296875 0.38125 0.07421875 0.1
1 0.68203125 0.3796875 0.059375 0.06953125
1 0.615625 0.3640625 0.01875 0.04140625
1 0.5484375 0.353125 0.02109375 0.03359375
1 0.440625 0.35390625 0.01953125 0.01953125
1 0.4578125 0.3484375 0.009375 0.0234375