0 0.06171875 0.40234375 0.02109375 0.0875
0 0.1125 0.41328125 0.03046875 0.1015625
0 0.1765625 0.40390625 0.0203125 0.08203125
0 0.21015625 0.41875 0.0140625 0.071875
0 0.24375 0.38671875 0.00859375 0.02109375
0 0.2328125 0.390625 0.009375 0.0265625
0 0.2234375 0.39140625 0.00859375 0.025
0 0.2609375 0.39921875 0.0125 0.0359375
0 0.2984375 0.409375 0.0125 0.04453125
0 0.32109375 0.415625 0.0125 0.06796875
0 0.27109375 0.42734375 0.015625 0.09453125
0 0.76875 0.45859375 0.01171875 0.03359375
0 0.75625 0.45703125 0.0125 0.03359375
0 0.74375 0.459375 0.00859375 0.046875
0 0.7359375 0.465625 0.01484375 0.046875
0 0.7234375 0.46328125 0.0109375 0.053125
0 0.696875 0.45234375 0.01328125 0.0625
1 0.421875 0.42421875 0.0359375 0.0484375
1 0.55546875 0.42578125 0.01640625 0.0265625
1 0.5421875 0.43125 0.0203125 0.03046875
1 0.6265625 0.43203125 0.0296875 0.0265625
1 0.5765625 0.45234375 0.0453125 0.05859375
1 0.97109375 0.4765625 0.0546875 0.06640625
1 0.8359375 0.67109375 0.3265625 0.390625
1 0.878125 0.4828125 0.1078125 0.0390625
1 0.371875 0.45234375 0.0921875 0.13359375
1 0.484375 0.478125 0.12265625 0.19453125
1 0.6234375 0.49921875 0.09921875 0.11796875
1 0.0578125 0.49453125 0.115625 0.1921875
0 0.0171875 0.390625 0.0125 0.0265625
0 0.3046875 0.41875 0.01484375 0.07109375