1 0.22734375 0.4515625 0.04921875 0.075
1 0.2953125 0.41640625 0.01171875 0.03359375
1 0.3390625 0.44140625 0.02421875 0.0375
1 0.359375 0.42421875 0.00625 0.0125
1 0.384375 0.42421875 0.00703125 0.0125
1 0.5265625 0.43203125 0.01953125 0.02109375
1 0.5921875 0.43359375 0.02734375 0.040625
1 0.609375 0.440625 0.034375 0.04140625
1 0.6375 0.440625 0.03828125 0.0484375
1 0.6828125 0.4453125 0.05 0.059375
1 0.7375 0.45546875 0.10546875 0.1109375
1 0.0625 0.496875 0.12421875 0.184375
0 0.134375 0.49453125 0.0484375 0.2625
0 0.2515625 0.46171875 0.03125 0.20546875
0 0.278125 0.47734375 0.040625 0.24609375
0 0.31328125 0.515625 0.06953125 0.3125
0 0.54140625 0.44609375 0.009375 0.0984375
0 0.39140625 0.4296875 0.00703125 0.02109375
0 0.3984375 0.43125 0.0078125 0.028125
0 0.403125 0.43046875 0.00546875 0.0265625
0 0.4390625 0.41015625 0.00546875 0.0265625
0 0.44375 0.43828125 0.0078125 0.078125
0 0.4484375 0.4375 0.009375 0.08203125
0 0.4578125 0.44140625 0.0125 0.0859375
0 0.46328125 0.4421875 0.01171875 0.08046875
0 0.4703125 0.4375 0.0078125 0.0859375
0 0.4859375 0.4453125 0.0078125 0.0640625
0 0.4921875 0.44375 0.00546875 0.078125
0 0.49609375 0.44375 0.00703125 0.08046875
0 0.4984375 0.4421875 0.01015625 0.078125
0 0.503125 0.44140625 0.01640625 0.0890625
0 0.515625 0.4578125 0.01015625 0.053125
0 0.515625 0.4421875 0.00546875 0.053125
0 0.925 0.40859375 0.00546875 0.015625
0 0.94375 0.43046875 0.00859375 0.053125
0 0.953125 0.43125 0.00390625 0.05546875
0 0.96171875 0.4078125 0.00859375 0.03203125
0 0.96484375 0.446875 0.01484375 0.0890625
0 0.984375 0.44765625 0.0203125 0.096875
0 0.9359375 0.4265625 0.0078125 0.04140625
0 0.9296875 0.440625 0.01015625 0.065625
0 0.915625 0.434375 0.01171875 0.0625
0 0.853125 0.44453125 0.0078125 0.0609375
0 0.8609375 0.446875 0.01171875 0.075
0 0.8421875 0.44140625 0.01484375 0.0890625
0 0.896875 0.4234375 0.009375 0.0375
0 0.896875 0.4515625 0.01171875 0.08359375
0 0.103125 0.425 0.015625 0.0359375
1 0.55859375 0.4265625 0.00859375 0.01796875
1 0.55 0.42578125 0.00859375 0.028125