1 0.5765625 0.471875 0.01796875 0.03359375
1 0.56875 0.4890625 0.01484375 0.03359375
1 0.5890625 0.503125 0.01640625 0.075
1 0.503125 0.49140625 0.0234375 0.04296875
1 0.44375 0.484375 0.01484375 0.03359375
1 0.4015625 0.47890625 0.0625 0.0390625
1 0.290625 0.490625 0.046875 0.04140625
1 0.459375 0.490625 0.0296875 0.0359375
1 0.5359375 0.509375 0.0640625 0.07890625
1 0.62109375 0.4984375 0.065625 0.08203125
1 0.396875 0.528125 0.09296875 0.12109375
1 0.015625 0.51796875 0.03125 0.1265625
1 0.8546875 0.58125 0.28828125 0.24296875