1 0.3078125 0.42578125 0.065625 0.07890625
1 0.4375 0.40625 0.01875 0.03203125
1 0.80546875 0.4484375 0.08984375 0.096875
1 0.35625 0.41484375 0.0171875 0.03359375
0 0.371875 0.4203125 0.0078125 0.04609375
1 0.38125 0.40390625 0.015625 0.025
1 0.3921875 0.40078125 0.01875 0.025
1 0.403125 0.39296875 0.00859375 0.01953125
1 0.415625 0.38984375 0.01015625 0.015625
1 0.425 0.3921875 0.0046875 0.0140625
1 0.453125 0.390625 0.0109375 0.01796875
1 0.4703125 0.38671875 0.02421875 0.021875
1 0.5265625 0.40234375 0.0375 0.03046875
1 0.7390625 0.43359375 0.0875 0.0890625
1 0.66875 0.4265625 0.05625 0.059375