1 0.359375 0.43671875 0.0359375 0.05703125
1 0.3953125 0.440625 0.05 0.0890625
1 0.5671875 0.434375 0.0109375 0.01953125
1 0.5765625 0.434375 0.009375 0.015625
1 0.5953125 0.434375 0.01875 0.01953125
1 0.48125 0.46953125 0.1390625 0.24453125
1 0.6375 0.4421875 0.06796875 0.090625
0 0.00703125 0.43671875 0.0140625 0.0875
0 0.021875 0.43125 0.01640625 0.0765625
0 0.046875 0.434375 0.00859375 0.075
0 0.034375 0.44921875 0.01875 0.10390625
0 0.08203125 0.44296875 0.0203125 0.10390625
0 0.23203125 0.4390625 0.01171875 0.05703125
0 0.259375 0.4125 0.00859375 0.03359375
0 0.7984375 0.44921875 0.01171875 0.0875
0 0.8109375 0.44921875 0.0140625 0.0875
0 0.86328125 0.44453125 0.02265625 0.08046875
1 0.971875 0.4484375 0.0546875 0.1