0 0.6296875 0.496875 0.01484375 0.07109375
0 0.45078125 0.47890625 0.02109375 0.05546875
1 0.4375 0.4515625 0.009375 0.02109375
1 0.4265625 0.45234375 0.01484375 0.0234375
1 0.41796875 0.45703125 0.01484375 0.028125
1 0.40703125 0.46328125 0.0234375 0.03046875
1 0.3953125 0.4703125 0.01953125 0.03046875
1 0.3875 0.478125 0.0171875 0.04140625
1 0.3640625 0.48046875 0.040625 0.05703125
1 0.353125 0.49296875 0.03046875 0.034375
1 0.46640625 0.453125 0.01875 0.02109375
1 0.4734375 0.45859375 0.02734375 0.01640625
1 0.478125 0.49453125 0.03984375 0.0609375
1 0.546875 0.496875 0.16484375 0.096875
1 0.8671875 0.49375 0.1359375 0.084375
1 0.08125 0.53359375 0.14140625 0.07890625
1 0.28359375 0.53125 0.20859375 0.121875
1 0.45 0.446875 0.0109375 0.0234375