1 0.3515625 0.409375 0.015625 0.01796875
1 0.315625 0.4140625 0.0171875 0.01796875
1 0.29453125 0.41640625 0.01875 0.015625
1 0.271875 0.42421875 0.01875 0.0125
1 0.253125 0.43125 0.01875 0.01796875
1 0.234375 0.43515625 0.02421875 0.01796875
1 0.0453125 0.4640625 0.07421875 0.0609375
1 0.0515625 0.64921875 0.10234375 0.2015625
1 0.38203125 0.42265625 0.03671875 0.053125
1 0.4078125 0.4046875 0.01484375 0.01796875
1 0.4203125 0.403125 0.0125 0.0125
1 0.4375 0.40625 0.015625 0.0234375
1 0.4640625 0.40703125 0.021875 0.03046875
1 0.48125 0.43125 0.05390625 0.07109375
1 0.69375 0.4328125 0.12890625 0.125