1 0.06875 0.64765625 0.1375 0.2765625
1 0.2234375 0.45234375 0.23046875 0.28359375
1 0.3140625 0.409375 0.075 0.12890625
1 0.35 0.38828125 0.04453125 0.0640625
1 0.4375 0.33203125 0.03125 0.04453125
1 0.4578125 0.3140625 0.01875 0.028125
1 0.48125 0.315625 0.01171875 0.02109375
1 0.5109375 0.303125 0.021875 0.04453125
1 0.5296875 0.29765625 0.025 0.053125
1 0.5515625 0.29453125 0.04296875 0.06640625
1 0.59453125 0.290625 0.07578125 0.128125
1 0.6359375 0.3140625 0.09921875 0.18046875
1 0.7671875 0.3375 0.25859375 0.253125
1 0.92890625 0.38671875 0.140625 0.428125