1 0.4484375 0.49921875 0.15234375 0.228125
1 0.59140625 0.44921875 0.10078125 0.1484375
1 0.8875 0.5328125 0.2203125 0.19609375
1 0.7125 0.4734375 0.09765625 0.103125
1 0.6609375 0.45078125 0.03828125 0.0765625
1 0.51484375 0.4359375 0.01953125 0.0359375
1 0.75625 0.42734375 0.03046875 0.02890625
1 0.03359375 0.4703125 0.06328125 0.075
1 0.0828125 0.4671875 0.03828125 0.05
1 0.13125 0.45546875 0.04609375 0.059375
1 0.3484375 0.4359375 0.03671875 0.04296875
1 0.284375 0.44453125 0.065625 0.0640625
1 0.190625 0.44296875 0.071875 0.0890625