0 0.675 0.603125 0.0359375 0.0984375
1 0.6359375 0.58515625 0.06328125 0.0890625
1 0.4421875 0.57734375 0.0109375 0.01953125
1 0.434375 0.57890625 0.0078125 0.01953125
1 0.42734375 0.57890625 0.0078125 0.0234375
1 0.41953125 0.57734375 0.0109375 0.0234375
1 0.41015625 0.578125 0.01328125 0.0265625
1 0.353125 0.57734375 0.0203125 0.0515625
1 0.3390625 0.578125 0.02265625 0.0609375
1 0.3234375 0.5875 0.021875 0.05859375
1 0.303125 0.58828125 0.0375 0.059375
1 0.271875 0.590625 0.04296875 0.071875
1 0.46015625 0.578125 0.015625 0.02109375
1 0.503125 0.58984375 0.0515625 0.08203125
1 0.221875 0.5984375 0.0859375 0.07890625
1 0.0109375 0.621875 0.021875 0.19375
1 0.3796875 0.5828125 0.0421875 0.05859375