1 0.521875 0.54765625 0.01171875 0.025
1 0.53125 0.55 0.01171875 0.034375
1 0.54609375 0.5515625 0.025 0.0359375
1 0.575 0.55390625 0.0234375 0.0515625
1 0.6421875 0.54296875 0.0453125 0.040625
1 0.68203125 0.53359375 0.05 0.0515625
1 0.7203125 0.5375 0.05546875 0.059375
1 0.81640625 0.52890625 0.07890625 0.06796875
1 0.884375 0.52734375 0.0734375 0.0890625
1 0.946875 0.521875 0.10546875 0.10703125
1 0.43515625 0.56484375 0.01953125 0.04140625
1 0.41015625 0.58515625 0.034375 0.053125
1 0.1265625 0.62421875 0.19609375 0.1890625
1 0.3578125 0.5984375 0.08046875 0.10390625
1 0.459375 0.57265625 0.03984375 0.06953125
1 0.596875 0.5484375 0.03515625 0.046875