1 0.4109375 0.2078125 0.0171875 0.0234375
1 0.37890625 0.19765625 0.01171875 0.01796875
1 0.3640625 0.19609375 0.01796875 0.0140625
1 0.33515625 0.2078125 0.01171875 0.0234375
1 0.315625 0.22265625 0.046875 0.065625
1 0.37421875 0.228125 0.07734375 0.05703125
1 0.4296875 0.215625 0.01484375 0.03203125
1 0.446875 0.22421875 0.02890625 0.0390625
1 0.50546875 0.24375 0.07265625 0.128125
1 0.5609375 0.2796875 0.1171875 0.17109375
1 0.225 0.259375 0.05859375 0.1125
1 0.12578125 0.265625 0.15390625 0.203125
1 0.034375 0.30859375 0.06796875 0.23046875