0 0.984375 0.7515625 0.028125 0.20859375
0 0.8671875 0.7296875 0.04609375 0.19609375
0 0.9140625 0.73203125 0.0390625 0.1859375
0 0.578125 0.65703125 0.0140625 0.06953125
0 0.55 0.64140625 0.00625 0.04140625
0 0.54375 0.6421875 0.0046875 0.040625
0 0.0109375 0.615625 0.01640625 0.0515625
1 0.490625 0.67578125 0.11953125 0.128125
1 0.33125 0.678125 0.11484375 0.1875
1 0.225 0.646875 0.10546875 0.14609375
1 0.1 0.6265625 0.0765625 0.08359375
0 0.40234375 0.625 0.009375 0.025
1 0.2984375 0.6265625 0.03046875 0.04453125
0 0.640625 0.6625 0.0234375 0.046875
1 0.0625 0.6265625 0.03203125 0.04140625
0 0.3921875 0.6328125 0.0046875 0.015625