1 0.525 0.41796875 0.0328125 0.05546875
1 0.546875 0.421875 0.01875 0.07890625
1 0.58203125 0.43359375 0.053125 0.11640625
1 0.6296875 0.44453125 0.0859375 0.14609375
1 0.828125 0.521875 0.2734375 0.30546875
1 0.95234375 0.61953125 0.09453125 0.359375
1 0.4546875 0.41015625 0.01875 0.025
1 0.4390625 0.415625 0.02734375 0.03046875
1 0.421875 0.42421875 0.02890625 0.0390625
1 0.40625 0.43359375 0.03984375 0.0609375
1 0.3859375 0.43671875 0.0390625 0.0734375
1 0.3421875 0.44921875 0.09140625 0.109375
1 0.48125 0.3984375 0.0140625 0.0125
1 0.496875 0.4125 0.0140625 0.02109375
1 0.09921875 0.5328125 0.1984375 0.4515625
1 0.2453125 0.4953125 0.17734375 0.2625