1 0.62265625 0.33671875 0.0109375 0.01640625
1 0.6140625 0.3375 0.01171875 0.0140625
1 0.6 0.32890625 0.0203125 0.03359375
1 0.584375 0.33828125 0.02421875 0.03359375
1 0.56640625 0.34609375 0.021875 0.0375
1 0.5484375 0.346875 0.02109375 0.04609375
1 0.5265625 0.34921875 0.0359375 0.0515625
1 0.49296875 0.34765625 0.040625 0.09609375
1 0.43125 0.35078125 0.09921875 0.1265625
1 0.69375 0.36328125 0.078125 0.115625
1 0.378125 0.3578125 0.03359375 0.05859375
1 0.77578125 0.33984375 0.08515625 0.06796875
1 0.0546875 0.3953125 0.10859375 0.109375