0 0.175 0.39765625 0.01953125 0.09609375
0 0.22890625 0.36015625 0.01328125 0.034375
0 0.2546875 0.365625 0.009375 0.0234375
0 0.3203125 0.35625 0.01171875 0.01953125
0 0.3328125 0.35625 0.009375 0.015625
0 0.3421875 0.35546875 0.00859375 0.01640625
0 0.74609375 0.35390625 0.01484375 0.0609375
0 0.784375 0.353125 0.0109375 0.075
0 0.8 0.3296875 0.0109375 0.015625
0 0.696875 0.36484375 0.0125 0.0640625
0 0.7234375 0.36328125 0.0125 0.05703125
1 0.91875 0.496875 0.1609375 0.41953125
1 0.5453125 0.42578125 0.17265625 0.246875
1 0.41484375 0.3796875 0.06328125 0.1
1 0.675 0.36015625 0.03671875 0.0484375
1 0.6515625 0.36015625 0.028125 0.0484375
1 0.63125 0.35546875 0.01953125 0.03046875
1 0.446875 0.353125 0.015625 0.034375
1 0.471875 0.33828125 0.0046875 0.0234375
1 0.4609375 0.346875 0.0125 0.02109375
0 0.946875 0.340625 0.03828125 0.13359375
0 0.90078125 0.334375 0.01328125 0.065625
0 0.89140625 0.33359375 0.01328125 0.05859375
0 0.378125 0.3625 0.0109375 0.040625
0 0.08203125 0.3671875 0.015625 0.05390625