1 0.09453125 0.5109375 0.1890625 0.2890625
1 0.89296875 0.659375 0.2125 0.21796875
1 0.8140625 0.571875 0.33671875 0.20390625
1 0.2015625 0.51640625 0.07890625 0.13359375
1 0.23125 0.50390625 0.07734375 0.13359375
1 0.2734375 0.4890625 0.01640625 0.08046875
1 0.30625 0.490625 0.040625 0.071875
1 0.325 0.48671875 0.01796875 0.04609375
1 0.334375 0.48515625 0.0125 0.0359375
1 0.340625 0.4875 0.0109375 0.0265625
1 0.4546875 0.51015625 0.05 0.0515625
1 0.41875 0.5015625 0.0171875 0.028125
1 0.40625 0.5 0.0171875 0.03046875
1 0.3984375 0.5 0.01484375 0.025
1 0.390625 0.5 0.01796875 0.01796875
1 0.38203125 0.4953125 0.01484375 0.02109375
1 0.3625 0.49453125 0.015625 0.021875