1 0.4859375 0.39453125 0.00859375 0.0140625
1 0.48203125 0.40625 0.015625 0.01953125
1 0.49453125 0.4 0.01015625 0.0140625
1 0.503125 0.4078125 0.01484375 0.021875
1 0.5125 0.40703125 0.00859375 0.0234375
1 0.51875 0.40859375 0.01015625 0.02109375
1 0.53203125 0.4125 0.025 0.0359375
1 0.546875 0.421875 0.01484375 0.0234375
1 0.5578125 0.42734375 0.0171875 0.040625
1 0.5765625 0.4265625 0.0390625 0.05859375
1 0.6203125 0.4328125 0.06328125 0.0859375
1 0.7390625 0.54609375 0.26796875 0.28203125
1 0.928125 0.45390625 0.14140625 0.18046875
1 0.3921875 0.41484375 0.0109375 0.021875
1 0.38046875 0.415625 0.0125 0.02109375
1 0.3578125 0.4203125 0.02265625 0.03046875
1 0.33203125 0.42734375 0.028125 0.040625
1 0.2609375 0.440625 0.04765625 0.05390625
1 0.121875 0.465625 0.06875 0.08203125
1 0.0453125 0.48359375 0.0875 0.1