1 0.434375 0.63828125 0.034375 0.0390625
1 0.5046875 0.640625 0.034375 0.0484375
1 0.5421875 0.640625 0.04296875 0.05390625
1 0.5953125 0.64609375 0.05703125 0.084375
1 0.6765625 0.64921875 0.11875 0.128125
1 0.2984375 0.678125 0.09140625 0.096875
1 0.2265625 0.684375 0.03125 0.05859375
1 0.1984375 0.6953125 0.0375 0.0765625
1 0.15625 0.70078125 0.06484375 0.08203125
1 0.0984375 0.7171875 0.071875 0.115625
1 0.03515625 0.7296875 0.0703125 0.140625
1 0.3546875 0.65234375 0.02890625 0.03046875
1 0.37578125 0.64609375 0.0203125 0.0234375
1 0.4 0.63515625 0.034375 0.03359375
1 0.571875 0.646875 0.03828125 0.075