1 0.5625 0.37890625 0.01484375 0.034375
1 0.571875 0.38359375 0.0171875 0.034375
1 0.58671875 0.38984375 0.015625 0.04140625
1 0.5984375 0.38828125 0.01953125 0.05390625
1 0.625 0.39140625 0.040625 0.07109375
1 0.6390625 0.3984375 0.0359375 0.05703125
1 0.190625 0.42734375 0.05703125 0.09453125
1 0.31875 0.4046875 0.0421875 0.06796875
1 0.2515625 0.43203125 0.1171875 0.1265625
1 0.6859375 0.39765625 0.078125 0.1015625
1 0.475 0.459375 0.18046875 0.28046875
0 0.89609375 0.33828125 0.01953125 0.0609375
0 0.14765625 0.42109375 0.02109375 0.09609375
1 0.9265625 0.45625 0.1453125 0.228125