1 0.471875 0.48359375 0.0125 0.0234375
1 0.4625 0.48203125 0.0125 0.02890625
1 0.4484375 0.48515625 0.021875 0.034375
1 0.43515625 0.490625 0.0203125 0.04609375
1 0.5671875 0.490625 0.04921875 0.07109375
1 0.334375 0.503125 0.0671875 0.11953125
1 0.2796875 0.5328125 0.1 0.125
0 0.653125 0.49609375 0.01796875 0.06953125
0 0.9671875 0.465625 0.05234375 0.090625
1 0.49375 0.48203125 0.01875 0.0265625
1 0.525 0.503125 0.05234375 0.075
1 0.525 0.46328125 0.03046875 0.02109375
1 0.4109375 0.4984375 0.0296875 0.040625
1 0.1671875 0.565625 0.19140625 0.1875
1 0.8671875 0.6734375 0.2640625 0.38203125
1 0.8125 0.509375 0.078125 0.1125