1 0.0640625 0.471875 0.128125 0.296875
1 0.9265625 0.4890625 0.14609375 0.128125
1 0.15234375 0.4515625 0.1859375 0.175
1 0.26875 0.425 0.10859375 0.121875
1 0.8375 0.434375 0.0484375 0.0515625
1 0.653125 0.4171875 0.01640625 0.04140625
1 0.63984375 0.415625 0.01875 0.034375
1 0.6296875 0.415625 0.01171875 0.02890625
1 0.4765625 0.403125 0.01640625 0.04453125
1 0.4921875 0.403125 0.01875 0.034375
1 0.50625 0.4015625 0.0140625 0.03359375
1 0.43984375 0.403125 0.071875 0.053125
1 0.59375 0.43046875 0.06015625 0.084375
1 0.68984375 0.43828125 0.08515625 0.10390625
0 0.446875 0.396875 0.01484375 0.059375