1 0.3390625 0.428125 0.021875 0.053125
1 0.31328125 0.42734375 0.0421875 0.0890625
1 0.2703125 0.43125 0.065625 0.1109375
1 0.20625 0.46015625 0.0828125 0.1125
1 0.1515625 0.46015625 0.06328125 0.14296875
1 0.08125 0.47890625 0.1625 0.25390625
1 0.4703125 0.415625 0.021875 0.0359375
1 0.53359375 0.40859375 0.0453125 0.046875
1 0.49609375 0.4125 0.03359375 0.059375
1 0.64375 0.42734375 0.025 0.04296875
1 0.6625 0.43125 0.03203125 0.0515625
1 0.690625 0.43046875 0.05546875 0.06640625
1 0.7453125 0.440625 0.08671875 0.08359375
1 0.403125 0.490625 0.16171875 0.234375
1 0.5875 0.46875 0.1078125 0.146875