0 0.109375 0.6984375 0.01875 0.05546875
0 0.14375 0.68125 0.009375 0.034375
0 0.1375 0.6875 0.0109375 0.04140625
1 0.303125 0.6609375 0.03515625 0.0515625
1 0.284375 0.67421875 0.03671875 0.06796875
1 0.2203125 0.665625 0.03984375 0.046875
1 0.434375 0.62734375 0.0078125 0.02109375
1 0.4421875 0.6265625 0.0078125 0.01953125
1 0.45 0.6265625 0.01328125 0.0234375
1 0.459375 0.62734375 0.015625 0.0265625
1 0.471875 0.62734375 0.0109375 0.03046875
1 0.4796875 0.628125 0.015625 0.028125
0 0.38984375 0.6453125 0.01484375 0.0515625
1 0.496875 0.6296875 0.025 0.0265625
0 0.5140625 0.63515625 0.01171875 0.046875
0 0.65625 0.59921875 0.0171875 0.05859375
0 0.615625 0.62734375 0.01484375 0.06796875
1 0.1734375 0.69765625 0.0484375 0.05390625
1 0.240625 0.69765625 0.075 0.0859375
1 0.028125 0.75078125 0.05546875 0.103125
1 0.33125 0.646875 0.01484375 0.0234375
1 0.41796875 0.628125 0.01875 0.0234375
1 0.4 0.62734375 0.01484375 0.03046875
0 0.5953125 0.62734375 0.01171875 0.04140625