1 0.01875 0.35078125 0.0359375 0.140625
1 0.9359375 0.47734375 0.128125 0.1890625
1 0.0734375 0.340625 0.08828125 0.13359375
1 0.14453125 0.334375 0.05078125 0.09609375
1 0.18984375 0.3296875 0.03828125 0.078125
1 0.225 0.32265625 0.02890625 0.075
1 0.2953125 0.31796875 0.02109375 0.04296875
1 0.309375 0.32265625 0.01796875 0.0359375
1 0.3265625 0.315625 0.0234375 0.040625
1 0.47890625 0.32421875 0.01484375 0.03359375
1 0.4640625 0.32890625 0.009375 0.02109375
1 0.26875 0.32265625 0.03359375 0.05
1 0.4984375 0.328125 0.02890625 0.04296875
1 0.67890625 0.37265625 0.1140625 0.13359375