1 0.60625 0.39140625 0.1 0.11640625
1 0.434375 0.296875 0.00703125 0.021875
1 0.44453125 0.303125 0.0109375 0.028125
1 0.45390625 0.309375 0.0125 0.034375
1 0.4625 0.31796875 0.00859375 0.02890625
1 0.46796875 0.3234375 0.0140625 0.03359375
1 0.4796875 0.32890625 0.0203125 0.04296875
1 0.49140625 0.33828125 0.0171875 0.053125
1 0.5203125 0.33515625 0.05625 0.08203125
1 0.378125 0.2953125 0.01015625 0.01953125
1 0.25 0.334375 0.06015625 0.0890625
1 0.3078125 0.30078125 0.03125 0.02109375
1 0.33046875 0.3 0.0140625 0.01640625
1 0.3484375 0.309375 0.01640625 0.02890625
1 0.1796875 0.34921875 0.10390625 0.125
1 0.31015625 0.359375 0.0875 0.10703125
1 0.3921875 0.29609375 0.01640625 0.01796875