1 0.4796875 0.52265625 0.040625 0.04296875
1 0.4859375 0.50078125 0.0234375 0.0234375
1 0.4203125 0.5390625 0.0765625 0.10703125
1 0.309375 0.55703125 0.171875 0.225
1 0.15 0.6640625 0.29921875 0.3765625
1 0.578125 0.51640625 0.0265625 0.06640625
1 0.53671875 0.53203125 0.06484375 0.096875
1 0.621875 0.5234375 0.025 0.03359375
1 0.653125 0.52578125 0.02734375 0.06953125
1 0.67265625 0.5296875 0.04453125 0.0859375
1 0.72890625 0.5296875 0.10078125 0.096875
1 0.77890625 0.57109375 0.15234375 0.1359375
1 0.9203125 0.5890625 0.1578125 0.28359375