1 0.0390625 0.54140625 0.078125 0.2015625
1 0.1 0.48515625 0.2 0.2390625
1 0.7078125 0.52890625 0.32890625 0.18046875
1 0.49921875 0.46796875 0.06328125 0.10390625
1 0.4265625 0.446875 0.04921875 0.075
1 0.45625 0.446875 0.0171875 0.0625
1 0.5421875 0.45 0.0359375 0.05546875
1 0.5984375 0.4625 0.05703125 0.059375
1 0.4734375 0.4421875 0.0125 0.021875
1 0.16796875 0.4640625 0.08671875 0.09609375
1 0.259375 0.46875 0.06875 0.08046875
1 0.3125 0.4484375 0.04296875 0.0390625
0 0.7953125 0.4453125 0.028125 0.04140625
0 0.8375 0.4578125 0.0234375 0.07890625
0 0.8578125 0.46171875 0.021875 0.08359375
1 0.35234375 0.44453125 0.02890625 0.0359375