1 0.19453125 0.39765625 0.06953125 0.034375
1 0.3515625 0.3984375 0.05703125 0.04140625
1 0.3015625 0.4015625 0.1078125 0.0609375
1 0.21328125 0.43515625 0.14921875 0.071875
1 0.4515625 0.3828125 0.065625 0.0375
1 0.559375 0.38984375 0.0328125 0.01953125
1 0.6234375 0.3796875 0.05234375 0.0375
1 0.70625 0.3859375 0.03984375 0.0265625
1 0.7171875 0.396875 0.0515625 0.04140625
1 0.71484375 0.4421875 0.03203125 0.0640625
1 0.828125 0.35390625 0.04453125 0.01953125
1 0.715625 0.3625 0.02265625 0.01640625
1 0.771875 0.42734375 0.09609375 0.1125
1 0.84453125 0.4046875 0.0828125 0.1015625
1 0.896875 0.346875 0.0328125 0.01953125
1 0.0265625 0.40625 0.053125 0.05703125
1 0.0046875 0.48125 0.009375 0.01953125
1 0.89296875 0.528125 0.21328125 0.403125
1 0.084375 0.415625 0.1 0.0609375
1 0.65625 0.4328125 0.08828125 0.10546875