1 0.34375 0.40703125 0.0234375 0.0234375
1 0.32109375 0.4078125 0.0203125 0.040625
1 0.29609375 0.415625 0.02265625 0.02890625
1 0.27109375 0.42421875 0.028125 0.03359375
1 0.2484375 0.42890625 0.028125 0.04609375
1 0.2140625 0.4296875 0.0328125 0.05546875
1 0.134375 0.434375 0.1125 0.090625
1 0.484375 0.40390625 0.009375 0.021875
1 0.4984375 0.40703125 0.01640625 0.03046875
1 0.61484375 0.43359375 0.05703125 0.1140625
1 0.628125 0.4421875 0.07109375 0.12109375
1 0.7078125 0.45625 0.13203125 0.1484375
1 0.871875 0.465625 0.25390625 0.290625
1 0.0640625 0.44609375 0.12578125 0.165625
1 0.51875 0.4125 0.03671875 0.04140625
1 0.4046875 0.409375 0.025 0.01640625
1 0.3828125 0.41171875 0.01953125 0.02109375