1 0.77421875 0.25390625 0.015625 0.03203125
1 0.6703125 0.26328125 0.02734375 0.034375
1 0.63125 0.26015625 0.03125 0.040625
1 0.5828125 0.26328125 0.04296875 0.04296875
1 0.553125 0.2515625 0.02578125 0.03046875
1 0.51875 0.271875 0.04375 0.053125
1 0.478125 0.26953125 0.04765625 0.05390625
1 0.3984375 0.27734375 0.05546875 0.053125
1 0.36796875 0.27734375 0.0328125 0.04609375
1 0.32421875 0.27578125 0.0671875 0.0734375
1 0.24921875 0.27421875 0.08671875 0.0875
1 0.0625 0.29140625 0.125 0.121875
1 0.184375 0.27265625 0.04296875 0.05859375