1 0.45234375 0.534375 0.01796875 0.034375
1 0.434375 0.534375 0.01640625 0.025
1 0.41484375 0.534375 0.0265625 0.04296875
1 0.3953125 0.5421875 0.01796875 0.034375
1 0.3796875 0.5484375 0.0265625 0.05546875
1 0.36015625 0.55078125 0.0375 0.084375
1 0.3140625 0.553125 0.09453125 0.140625
1 0.24140625 0.590625 0.1453125 0.16796875
1 0.490625 0.54453125 0.03203125 0.0375
1 0.5046875 0.55546875 0.03203125 0.053125
1 0.5359375 0.55234375 0.0546875 0.09609375
1 0.5671875 0.57109375 0.065625 0.125
1 0.64140625 0.59140625 0.14140625 0.17890625
0 0.7671875 0.578125 0.0328125 0.171875