1 0.946875 0.496875 0.10390625 0.1515625
1 0.3765625 0.49296875 0.01484375 0.01953125
1 0.35625 0.5 0.02421875 0.0265625
1 0.3359375 0.496875 0.015625 0.025
1 0.3296875 0.50625 0.02421875 0.025
1 0.3125 0.50859375 0.021875 0.0390625
1 0.2875 0.51328125 0.0328125 0.04609375
1 0.25 0.51953125 0.04765625 0.0765625
1 0.446875 0.48984375 0.0140625 0.03359375
1 0.4546875 0.50390625 0.01796875 0.05
1 0.471875 0.503125 0.03203125 0.0765625
1 0.5703125 0.49296875 0.028125 0.05546875
1 0.6328125 0.48828125 0.1125 0.090625
1 0.1953125 0.53828125 0.075 0.0890625
1 0.5046875 0.515625 0.06171875 0.096875