0 0.7421875 0.534375 0.01171875 0.0625
0 0.72265625 0.52578125 0.0109375 0.05
1 0.5234375 0.53671875 0.0171875 0.03046875
1 0.5046875 0.53046875 0.01171875 0.0234375
1 0.4875 0.528125 0.02265625 0.028125
1 0.671875 0.5390625 0.03203125 0.0375
1 0.19921875 0.49296875 0.0234375 0.0234375
1 0.25078125 0.51875 0.084375 0.09453125
1 0.3375 0.52109375 0.0828125 0.0984375
1 0.43125 0.54140625 0.0953125 0.1359375
1 0.5953125 0.5296875 0.03671875 0.05546875
1 0.8890625 0.628125 0.22109375 0.46796875
1 0.54375 0.534375 0.02890625 0.04140625