1 0.50390625 0.59921875 0.01796875 0.02890625
1 0.48828125 0.59921875 0.01328125 0.02109375
1 0.4703125 0.59921875 0.01796875 0.02890625
1 0.4578125 0.59921875 0.015625 0.02890625
1 0.440625 0.603125 0.025 0.0515625
1 0.4265625 0.603125 0.02421875 0.053125
1 0.4 0.61171875 0.03359375 0.0890625
1 0.3671875 0.60625 0.07890625 0.16796875
1 0.2875 0.628125 0.1484375 0.21953125
1 0.125 0.65078125 0.24921875 0.34609375
1 0.5234375 0.603125 0.01171875 0.01640625
1 0.534375 0.6109375 0.0109375 0.01953125
1 0.54765625 0.6140625 0.0140625 0.025
1 0.559375 0.61171875 0.0140625 0.0390625
1 0.575 0.6015625 0.02421875 0.0765625
1 0.5953125 0.609375 0.03203125 0.103125
1 0.65390625 0.63203125 0.11171875 0.14296875
1 0.8671875 0.59921875 0.265625 0.559375