0 0.2640625 0.37109375 0.0171875 0.05703125
0 0.2484375 0.36484375 0.01484375 0.06796875
0 0.29296875 0.3625 0.0109375 0.0640625
0 0.284375 0.36875 0.01328125 0.05703125
0 0.821875 0.39296875 0.015625 0.1015625
0 0.7515625 0.39296875 0.0109375 0.0484375
1 0.42734375 0.37109375 0.02109375 0.0375
1 0.4078125 0.37734375 0.025 0.04453125
1 0.61640625 0.3828125 0.03828125 0.07109375
1 0.1484375 0.40703125 0.14140625 0.153125
1 0.38203125 0.3796875 0.03984375 0.0515625
1 0.446875 0.38125 0.03828125 0.05390625
1 0.54609375 0.37421875 0.10546875 0.2359375
1 0.6984375 0.4015625 0.10390625 0.1640625
1 0.04765625 0.421875 0.0953125 0.178125
1 0.93671875 0.47421875 0.1265625 0.2984375