1 0.29140625 0.48515625 0.03984375 0.03046875
1 0.2453125 0.49921875 0.04453125 0.046875
1 0.2015625 0.5015625 0.04609375 0.04296875
1 0.1328125 0.509375 0.0703125 0.0640625
1 0.0703125 0.51015625 0.07578125 0.0734375
1 0.021875 0.52109375 0.04296875 0.07890625
1 0.575 0.4640625 0.021875 0.028125
1 0.59453125 0.4671875 0.0125 0.021875
1 0.6078125 0.46796875 0.01953125 0.02109375
1 0.63203125 0.46953125 0.01796875 0.02109375
1 0.6609375 0.47421875 0.0359375 0.05546875
1 0.740625 0.49921875 0.159375 0.203125
1 0.025 0.7046875 0.05 0.275