1 0.11875 0.503125 0.2375 0.434375
1 0.89453125 0.5703125 0.2109375 0.38359375
0 0.809375 0.44609375 0.01796875 0.10703125
1 0.5078125 0.38671875 0.0078125 0.02109375
1 0.5015625 0.3859375 0.00546875 0.01796875
1 0.49375 0.3859375 0.01015625 0.021875
1 0.4890625 0.390625 0.01171875 0.028125
1 0.47578125 0.39453125 0.01640625 0.0390625
1 0.46796875 0.4015625 0.01484375 0.046875
1 0.44765625 0.403125 0.03984375 0.07109375
1 0.4109375 0.4109375 0.06875 0.0984375
1 0.403125 0.428125 0.05546875 0.096875
1 0.534375 0.390625 0.00703125 0.025
1 0.53125 0.38984375 0.00703125 0.0265625
1 0.5421875 0.39375 0.0125 0.0265625
1 0.559375 0.403125 0.02734375 0.04453125
1 0.57890625 0.409375 0.025 0.05859375
1 0.6125 0.4203125 0.05703125 0.078125
1 0.3375 0.440625 0.13125 0.14609375
1 0.7203125 0.43984375 0.16953125 0.190625