0 0.8796875 0.69921875 0.06015625 0.23046875
1 0.48203125 0.54453125 0.01875 0.0234375
1 0.5015625 0.54609375 0.01328125 0.0234375
1 0.51875 0.578125 0.03515625 0.04296875
1 0.44921875 0.54921875 0.0171875 0.0234375
1 0.43046875 0.5546875 0.02421875 0.02109375
1 0.41484375 0.5625 0.02265625 0.021875
1 0.39609375 0.565625 0.028125 0.02890625
1 0.37109375 0.5625 0.02421875 0.0359375
1 0.365625 0.578125 0.03671875 0.04140625
1 0.35625 0.58125 0.03203125 0.0359375
1 0.32890625 0.5765625 0.03671875 0.021875
1 0.3171875 0.62734375 0.08671875 0.0875
1 0.25625 0.62109375 0.04140625 0.0734375
1 0.23125 0.628125 0.0578125 0.08359375
1 0.1734375 0.646875 0.12109375 0.1125
1 0.421875 0.59609375 0.06640625 0.028125
1 0.4234375 0.68828125 0.15234375 0.16953125
1 0.5828125 0.59140625 0.03671875 0.046875
1 0.58359375 0.5984375 0.02421875 0.04296875
1 0.60390625 0.6171875 0.05390625 0.07109375
1 0.7515625 0.58984375 0.08359375 0.0515625
1 0.98515625 0.603125 0.0296875 0.05859375
1 0.9796875 0.746875 0.0390625 0.115625
1 0.5421875 0.5546875 0.01171875 0.02109375
1 0.5515625 0.56328125 0.01640625 0.03046875
1 0.559375 0.571875 0.0234375 0.028125