1 0.4484375 0.46484375 0.0109375 0.0140625
1 0.45625 0.46796875 0.0109375 0.0234375
1 0.4671875 0.46796875 0.01328125 0.028125
1 0.47578125 0.47109375 0.01953125 0.02890625
1 0.4890625 0.47265625 0.02109375 0.04453125
1 0.50546875 0.478125 0.02421875 0.065625
1 0.53359375 0.4890625 0.0515625 0.08359375
1 0.5890625 0.503125 0.0890625 0.14453125
1 0.6515625 0.540625 0.1328125 0.15703125
1 0.4125 0.4625 0.0109375 0.02109375
1 0.403125 0.46484375 0.0125 0.0234375
1 0.39375 0.465625 0.0125 0.02890625
1 0.3828125 0.46484375 0.0171875 0.034375
1 0.3765625 0.47421875 0.015625 0.040625
1 0.353125 0.46796875 0.04609375 0.08359375
1 0.3328125 0.48515625 0.04453125 0.06953125
1 0.29765625 0.496875 0.07109375 0.0890625
1 0.209375 0.51484375 0.13125 0.16640625
1 0.09453125 0.5234375 0.1890625 0.33046875
1 0.8375 0.603125 0.325 0.30859375