1 0.2171875 0.27578125 0.13125 0.09296875
1 0.11875 0.2859375 0.178125 0.125
1 0.4546875 0.265625 0.0203125 0.03046875
1 0.5703125 0.26640625 0.0140625 0.03046875
1 0.5796875 0.26796875 0.01875 0.03359375
1 0.58984375 0.26953125 0.01484375 0.03359375
1 0.59765625 0.2703125 0.01640625 0.0375
1 0.61875 0.2703125 0.03125 0.04453125
1 0.634375 0.30703125 0.04765625 0.0890625
1 0.68125 0.30859375 0.09375 0.14453125
1 0.7640625 0.334375 0.1765625 0.20546875
1 0.88046875 0.415625 0.2359375 0.340625
1 0.0171875 0.29375 0.0328125 0.090625
1 0.428125 0.2671875 0.02890625 0.04140625
1 0.4921875 0.26171875 0.02109375 0.0265625