1 0.453125 0.384375 0.009375 0.0125
1 0.4453125 0.390625 0.01171875 0.025
1 0.4328125 0.38828125 0.0203125 0.05
1 0.41796875 0.396875 0.0203125 0.053125
1 0.41484375 0.4 0.0140625 0.046875
1 0.39609375 0.40546875 0.03671875 0.06953125
1 0.36796875 0.40703125 0.04296875 0.09609375
1 0.5 0.3875 0.03046875 0.046875
1 0.525 0.39453125 0.040625 0.059375
1 0.3203125 0.41953125 0.09609375 0.134375
1 0.47109375 0.384375 0.0234375 0.03359375
1 0.1359375 0.5 0.26953125 0.31640625
1 0.7296875 0.40546875 0.090625 0.06953125
1 0.8484375 0.39765625 0.159375 0.1140625