1 0.7171875 0.48359375 0.04765625 0.04296875
1 0.6671875 0.48203125 0.05859375 0.05859375
1 0.7734375 0.478125 0.04921875 0.046875
1 0.8234375 0.478125 0.03984375 0.0375
1 0.59296875 0.484375 0.1078125 0.1
1 0.5203125 0.50078125 0.05859375 0.08359375
1 0.46171875 0.503125 0.08671875 0.1125
1 0.32890625 0.50703125 0.18359375 0.1625
1 0.1171875 0.515625 0.23359375 0.19609375
1 0.865625 0.47578125 0.01875 0.025
1 0.871875 0.471875 0.01953125 0.034375
1 0.87890625 0.4734375 0.021875 0.04140625
1 0.909375 0.490625 0.0546875 0.07109375