1 0.021875 0.365625 0.0359375 0.034375
1 0.0765625 0.359375 0.0578125 0.028125
1 0.1703125 0.3484375 0.03828125 0.0484375
1 0.2078125 0.33671875 0.0328125 0.040625
1 0.24453125 0.34296875 0.02734375 0.03359375
1 0.2828125 0.340625 0.01484375 0.028125
1 0.2953125 0.3390625 0.0265625 0.040625
1 0.321875 0.33828125 0.0109375 0.0234375
1 0.31328125 0.3359375 0.01171875 0.0375
1 0.340625 0.33359375 0.02265625 0.04140625
1 0.36171875 0.334375 0.01953125 0.0265625
1 0.421875 0.33515625 0.0421875 0.071875
1 0.38515625 0.33359375 0.01875 0.03359375
1 0.4515625 0.340625 0.01484375 0.0234375
1 0.4671875 0.33515625 0.01328125 0.0234375
1 0.4796875 0.33359375 0.01484375 0.03359375
1 0.48828125 0.33828125 0.03046875 0.0515625
1 0.5078125 0.33671875 0.01953125 0.05859375
1 0.5296875 0.34296875 0.03671875 0.05703125
0 0.5859375 0.33359375 0.03671875 0.1109375
1 0.66875 0.35859375 0.1515625 0.184375
1 0.8 0.3296875 0.05546875 0.08203125
1 0.91953125 0.421875 0.159375 0.30703125
1 0.12421875 0.34609375 0.03203125 0.0265625
1 0.0984375 0.3234375 0.01953125 0.03359375