1 0.50703125 0.4296875 0.01796875 0.028125
1 0.521875 0.440625 0.01875 0.0359375
1 0.53046875 0.4421875 0.02421875 0.028125
1 0.5421875 0.45390625 0.01875 0.04296875
1 0.5671875 0.46953125 0.04296875 0.059375
1 0.6078125 0.48359375 0.0453125 0.08359375
1 0.6453125 0.4703125 0.06484375 0.13359375
1 0.75078125 0.4796875 0.20234375 0.2234375
1 0.4265625 0.42109375 0.01328125 0.015625
1 0.4421875 0.4390625 0.015625 0.025
1 0.3796875 0.44453125 0.025 0.028125
1 0.35 0.4796875 0.0859375 0.1
1 0.42265625 0.446875 0.03125 0.03359375
1 0.471875 0.446875 0.03671875 0.0515625
1 0.8796875 0.53359375 0.2375 0.278125
1 0.1703125 0.484375 0.15390625 0.15
1 0.303125 0.45859375 0.06328125 0.08203125
1 0.459375 0.3984375 0.0140625 0.02109375
1 0.47421875 0.40703125 0.01328125 0.0234375