1 0.0625 0.6828125 0.1203125 0.30859375
1 0.8640625 0.7125 0.26796875 0.321875
1 0.2765625 0.575 0.134375 0.20546875
1 0.4578125 0.62734375 0.084375 0.13359375
1 0.62421875 0.61171875 0.09921875 0.13359375
1 0.5578125 0.59140625 0.05390625 0.078125
1 0.5265625 0.5828125 0.03125 0.06796875
1 0.5078125 0.5875 0.00859375 0.03203125
1 0.1 0.60546875 0.07578125 0.06796875
1 0.05390625 0.5921875 0.10234375 0.0890625
1 0.3515625 0.603125 0.0296875 0.08203125
1 0.3703125 0.59453125 0.0328125 0.0640625
1 0.390625 0.5921875 0.02734375 0.0484375
1 0.415625 0.58515625 0.01484375 0.0375