0 0.690625 0.584375 0.01875 0.13203125
0 0.60625 0.55703125 0.01953125 0.09609375
0 0.6203125 0.5484375 0.01328125 0.05546875
0 0.646875 0.5359375 0.01484375 0.0484375
0 0.59375 0.53984375 0.01171875 0.046875
0 0.58125 0.5484375 0.01328125 0.065625
0 0.575 0.540625 0.0109375 0.05390625
0 0.5640625 0.5546875 0.015625 0.0859375
1 0.7015625 0.5484375 0.07890625 0.075
1 0.3359375 0.4953125 0.05546875 0.0515625
1 0.2828125 0.5640625 0.11640625 0.15703125
1 0.440625 0.56875 0.2359375 0.43359375
1 0.02890625 0.68828125 0.0578125 0.31640625