1 0.02578125 0.4859375 0.04921875 0.0890625
1 0.4796875 0.48203125 0.05390625 0.08359375
1 0.884375 0.54921875 0.22734375 0.225
1 0.5953125 0.48359375 0.05625 0.06953125
1 0.559375 0.475 0.03984375 0.05546875
1 0.53515625 0.475 0.0171875 0.04140625
1 0.5203125 0.4765625 0.0203125 0.03046875
1 0.3265625 0.478125 0.025 0.034375
1 0.34609375 0.47421875 0.01171875 0.02890625
1 0.35859375 0.471875 0.01171875 0.021875
1 0.3703125 0.47578125 0.009375 0.0265625
1 0.3796875 0.46953125 0.0078125 0.0234375
1 0.3921875 0.465625 0.0078125 0.02109375
1 0.40078125 0.46484375 0.0078125 0.01640625
1 0.41171875 0.46484375 0.00859375 0.01640625
1 0.4328125 0.4625 0.01640625 0.0234375