1 0.6125 0.4875 0.01953125 0.0359375
1 0.665625 0.48203125 0.01796875 0.0359375
1 0.69296875 0.484375 0.02734375 0.03203125
1 0.5921875 0.48671875 0.0125 0.021875
1 0.57890625 0.484375 0.0171875 0.03046875
1 0.5671875 0.4921875 0.0171875 0.0375
1 0.4921875 0.5046875 0.04921875 0.0734375
1 0.4625 0.5125 0.0640625 0.084375
1 0.42265625 0.52890625 0.0703125 0.096875
1 0.34296875 0.5390625 0.1328125 0.15546875
1 0.825 0.5078125 0.04609375 0.0765625
1 0.871875 0.503125 0.084375 0.0984375
1 0.9421875 0.51796875 0.109375 0.1390625
1 0.9875 0.54765625 0.0234375 0.10859375
1 0.19765625 0.578125 0.2515625 0.2390625
1 0.55 0.48984375 0.0359375 0.046875
1 0.640625 0.490625 0.03828125 0.071875
1 0.7296875 0.49296875 0.05546875 0.08203125