1 0.540625 0.6546875 0.0453125 0.05546875
1 0.3828125 0.634375 0.03828125 0.0609375
1 0.3171875 0.66328125 0.1078125 0.1265625
1 0.43203125 0.66953125 0.10078125 0.15
1 0.04375 0.653125 0.0875 0.19609375
0 0.928125 0.68515625 0.02734375 0.1359375
0 0.9 0.68828125 0.02421875 0.096875
0 0.875 0.71484375 0.03515625 0.1890625
0 0.8203125 0.6734375 0.01328125 0.096875
0 0.8359375 0.7015625 0.03125 0.16796875
0 0.76640625 0.675 0.0234375 0.1140625
0 0.74296875 0.671875 0.0234375 0.1390625
0 0.634375 0.640625 0.0109375 0.0515625
0 0.62421875 0.659375 0.0125 0.071875
0 0.6125 0.653125 0.0109375 0.0515625
1 0.2328125 0.6421875 0.03984375 0.04296875
1 0.51015625 0.6421875 0.021875 0.03359375