1 0.3796875 0.46484375 0.0625 0.090625
1 0.33359375 0.44296875 0.015625 0.0265625
1 0.1703125 0.446875 0.01484375 0.0140625
1 0.1546875 0.44765625 0.01328125 0.015625
1 0.1390625 0.45078125 0.025 0.02109375
1 0.07734375 0.4578125 0.01484375 0.02109375
1 0.059375 0.4609375 0.0203125 0.02109375
1 0.034375 0.45859375 0.0203125 0.021875
1 0.0109375 0.465625 0.02109375 0.04296875
1 0.41875 0.44375 0.01640625 0.0234375
1 0.43125 0.45 0.015625 0.01953125
1 0.44140625 0.453125 0.0171875 0.015625
1 0.4546875 0.45546875 0.01328125 0.0234375
1 0.48984375 0.45078125 0.04453125 0.0359375
1 0.54375 0.45546875 0.0453125 0.0515625