1 0.209375 0.540625 0.25859375 0.29140625
1 0.384375 0.51171875 0.06171875 0.07890625
1 0.521875 0.51015625 0.0375 0.0640625
1 0.5546875 0.48984375 0.01015625 0.0140625
1 0.596875 0.47734375 0.0140625 0.01640625
1 0.434375 0.4859375 0.01875 0.01796875
1 0.5015625 0.48515625 0.01953125 0.01640625
1 0.471875 0.490625 0.02109375 0.021875
1 0.5859375 0.478125 0.01015625 0.01796875
1 0.56875 0.478125 0.01484375 0.01796875
1 0.61015625 0.47265625 0.01171875 0.02109375
1 0.34375 0.50390625 0.03046875 0.03359375