1 0.06875 0.69765625 0.13671875 0.33203125
1 0.29375 0.55234375 0.1171875 0.159375
1 0.69375 0.578125 0.2 0.21796875
1 0.3671875 0.5265625 0.053125 0.090625
1 0.3953125 0.528125 0.03125 0.0484375
1 0.415625 0.5203125 0.0234375 0.04140625
1 0.43046875 0.5125 0.01640625 0.0265625
1 0.4453125 0.50234375 0.0203125 0.0234375
1 0.4546875 0.4921875 0.0109375 0.01953125
1 0.48515625 0.4921875 0.0140625 0.01640625
1 0.490625 0.49921875 0.01484375 0.02109375
1 0.52265625 0.509375 0.04453125 0.0640625
1 0.54375 0.5234375 0.06171875 0.08203125
1 0.60859375 0.5390625 0.11640625 0.15
1 0.4703125 0.49296875 0.0125 0.015625