1 0.134375 0.74609375 0.26796875 0.39296875
1 0.940625 0.81484375 0.11484375 0.36640625
1 0.734375 0.66640625 0.215625 0.246875
1 0.4890625 0.615625 0.01875 0.0265625
1 0.44453125 0.61328125 0.02578125 0.03203125
1 0.2703125 0.67265625 0.15859375 0.23046875
1 0.3484375 0.646875 0.0671875 0.1484375
1 0.384375 0.63515625 0.0515625 0.1265625
1 0.4125 0.628125 0.0421875 0.1125
1 0.6078125 0.646875 0.0640625 0.109375
1 0.575 0.634375 0.0484375 0.0859375
1 0.540625 0.6125 0.0203125 0.03046875
0 0.515625 0.6015625 0.01484375 0.05859375