1 0.25546875 0.48203125 0.06328125 0.05546875
1 0.3921875 0.46640625 0.02734375 0.0484375
1 0.4171875 0.465625 0.01171875 0.02109375
1 0.4359375 0.465625 0.0171875 0.025
1 0.4546875 0.4625 0.0171875 0.025
1 0.471875 0.45390625 0.015625 0.0265625
1 0.4859375 0.46328125 0.0203125 0.0265625
1 0.50859375 0.46015625 0.03046875 0.04296875
1 0.33671875 0.4875 0.103125 0.1390625
1 0.615625 0.459375 0.0828125 0.1015625
1 0.8234375 0.48359375 0.21953125 0.17109375
0 0.540625 0.45546875 0.009375 0.0390625
0 0.5796875 0.446875 0.009375 0.03359375
0 0.7015625 0.44609375 0.0125 0.05390625
0 0.69140625 0.4453125 0.01875 0.075
0 0.7640625 0.40859375 0.0125 0.03203125