1 0.3640625 0.484375 0.01796875 0.0234375
1 0.3453125 0.48828125 0.01875 0.03359375
1 0.3265625 0.490625 0.025 0.04453125
1 0.3078125 0.49453125 0.02734375 0.05546875
1 0.290625 0.4984375 0.02890625 0.05859375
1 0.459375 0.48671875 0.01875 0.03359375
1 0.471875 0.4828125 0.025 0.04453125
1 0.4921875 0.48984375 0.03359375 0.05
0 0.540625 0.4703125 0.0078125 0.0125
1 0.84296875 0.6 0.31015625 0.34453125
1 0.2546875 0.503125 0.040625 0.06640625
1 0.15 0.5421875 0.14296875 0.190625
1 0.5328125 0.509375 0.05625 0.07109375
1 0.4 0.48203125 0.04453125 0.05
1 0.43125 0.4609375 0.0109375 0.0140625
1 0.04140625 0.559375 0.0828125 0.178125