0 0.153125 0.4265625 0.021875 0.0640625
0 0.1359375 0.434375 0.01875 0.090625
0 0.1109375 0.43046875 0.02265625 0.0765625
0 0.98125 0.33828125 0.025 0.05546875
0 0.7140625 0.3890625 0.00625 0.0734375
0 0.70625 0.38984375 0.00625 0.06796875
0 0.6953125 0.390625 0.01015625 0.05859375
0 0.634375 0.39453125 0.01875 0.0625
0 0.74921875 0.3890625 0.0140625 0.0640625
0 0.771875 0.3796875 0.0140625 0.06796875
0 0.0265625 0.41328125 0.03359375 0.053125
1 0.83046875 0.375 0.06875 0.07109375
1 0.878125 0.37578125 0.12265625 0.09453125
1 0.2375 0.4875 0.2375 0.25390625
1 0.5 0.515625 0.2328125 0.3265625
0 0.675 0.3859375 0.01171875 0.04453125
0 0.7328125 0.3875 0.01640625 0.05703125