1 0.4140625 0.4765625 0.0109375 0.01640625
1 0.40625 0.47734375 0.009375 0.01953125
1 0.396875 0.4796875 0.0125 0.01953125
1 0.4328125 0.484375 0.01328125 0.0234375
1 0.44453125 0.49609375 0.0234375 0.0359375
1 0.35859375 0.484375 0.02578125 0.02890625
1 0.334375 0.496875 0.02421875 0.03359375
1 0.3109375 0.50078125 0.03828125 0.04609375
1 0.08515625 0.60234375 0.16953125 0.403125
0 0.18203125 0.546875 0.0328125 0.1390625
0 0.11015625 0.48984375 0.0125 0.0359375
0 0.6734375 0.5109375 0.034375 0.1390625
0 0.5875 0.4953125 0.01640625 0.071875