1 0.4390625 0.540625 0.0421875 0.0625
1 0.5140625 0.5421875 0.03984375 0.05859375
1 0.540625 0.509375 0.01484375 0.021875
1 0.63046875 0.5828125 0.13671875 0.1484375
1 0.8328125 0.56640625 0.13515625 0.10703125
1 0.49375 0.51640625 0.021875 0.0265625
1 0.45625 0.515625 0.01484375 0.02890625
1 0.4625 0.5015625 0.01328125 0.02890625
1 0.5125 0.503125 0.01484375 0.01953125
1 0.3828125 0.50625 0.03125 0.04296875
1 0.4109375 0.50859375 0.0203125 0.01953125
1 0.4140625 0.490625 0.01796875 0.01640625
1 0.42890625 0.49296875 0.01796875 0.01640625