1 0.5109375 0.5625 0.02265625 0.025
1 0.428125 0.55703125 0.015625 0.021875
1 0.371875 0.553125 0.01796875 0.0359375
1 0.334375 0.56171875 0.02109375 0.03203125
1 0.321875 0.5625 0.015625 0.04140625
1 0.23828125 0.534375 0.034375 0.03046875
1 0.0828125 0.56953125 0.06953125 0.09140625
1 0.1671875 0.56875 0.11875 0.1125
1 0.53359375 0.5671875 0.0265625 0.0359375
1 0.47265625 0.55546875 0.01796875 0.0265625
1 0.4484375 0.56171875 0.01796875 0.028125
1 0.3984375 0.5625 0.034375 0.04140625
1 0.2734375 0.57578125 0.09765625 0.10390625
0 0.76640625 0.62890625 0.05703125 0.21640625