1 0.4109375 0.4015625 0.0140625 0.01796875
1 0.315625 0.43359375 0.028125 0.04453125
1 0.3703125 0.39296875 0.0546875 0.034375
1 0.35625 0.428125 0.06328125 0.05703125
1 0.459375 0.41171875 0.03046875 0.0375
1 0.4828125 0.4234375 0.02890625 0.04296875
1 0.509375 0.43046875 0.0328125 0.05703125
1 0.5328125 0.4390625 0.03984375 0.05859375
1 0.4265625 0.40625 0.01796875 0.02890625
1 0.37734375 0.49609375 0.13125 0.171875
1 0.575 0.453125 0.06953125 0.08359375
1 0.790625 0.51171875 0.20078125 0.134375
1 0.921875 0.57265625 0.15546875 0.2015625