1 0.4328125 0.44921875 0.0171875 0.01953125
1 0.415625 0.4515625 0.01015625 0.01640625
1 0.40546875 0.4484375 0.0109375 0.0140625
1 0.39375 0.44921875 0.01875 0.0234375
1 0.30390625 0.475 0.034375 0.07109375
1 0.240625 0.5015625 0.0796875 0.115625
1 0.1578125 0.5109375 0.140625 0.1640625
1 0.065625 0.571875 0.13125 0.203125
1 0.3484375 0.490625 0.0828125 0.115625
1 0.44765625 0.4484375 0.0109375 0.02109375
1 0.45625 0.446875 0.01171875 0.025
1 0.4671875 0.44921875 0.01875 0.03359375
1 0.47890625 0.4578125 0.0203125 0.0359375
1 0.490625 0.4625 0.02421875 0.05
1 0.515625 0.471875 0.05234375 0.07109375
1 0.58671875 0.4921875 0.1046875 0.12890625
1 0.8265625 0.53828125 0.3453125 0.4390625