1 0.1671875 0.55078125 0.096875 0.0734375
1 0.4609375 0.54765625 0.06875 0.096875
1 0.5578125 0.5359375 0.05078125 0.06796875
1 0.9734375 0.54375 0.0515625 0.065625
0 0.984375 0.540625 0.03046875 0.18046875
0 0.0359375 0.54453125 0.021875 0.06640625
0 0.79140625 0.5296875 0.02578125 0.13203125
0 0.93984375 0.52421875 0.0234375 0.15
0 0.809375 0.53203125 0.0171875 0.125
0 0.7171875 0.5171875 0.01953125 0.071875
1 0.13046875 0.53984375 0.0640625 0.0640625
1 0.08359375 0.54140625 0.046875 0.04296875
0 0.271875 0.52109375 0.00859375 0.03203125