1 0.440625 0.44609375 0.01171875 0.02109375
1 0.4671875 0.44375 0.00859375 0.0234375
1 0.4796875 0.446875 0.01953125 0.04140625
1 0.484375 0.4609375 0.01328125 0.034375
1 0.4890625 0.475 0.01328125 0.04140625
1 0.42890625 0.44609375 0.01171875 0.02109375
1 0.41640625 0.44609375 0.01171875 0.01640625
1 0.4046875 0.446875 0.009375 0.02109375
1 0.3921875 0.453125 0.01640625 0.021875
1 0.371875 0.453125 0.01953125 0.034375
1 0.3546875 0.45625 0.02421875 0.0375
1 0.3328125 0.453125 0.02890625 0.05
1 0.309375 0.45546875 0.03515625 0.0609375
1 0.24375 0.4703125 0.12578125 0.1140625
1 0.1203125 0.43828125 0.08125 0.0890625
1 0.053125 0.43984375 0.1046875 0.0890625
1 0.984375 0.5484375 0.03046875 0.12109375