1 0.50390625 0.515625 0.01640625 0.0234375
1 0.4859375 0.5296875 0.03515625 0.0515625
1 0.4 0.53203125 0.06015625 0.065625
1 0.3421875 0.5671875 0.0953125 0.1125
1 0.2890625 0.55390625 0.05078125 0.090625
1 0.51875 0.5171875 0.01328125 0.01640625
1 0.53828125 0.534375 0.040625 0.0515625
1 0.6 0.54140625 0.0546875 0.1
1 0.6609375 0.584375 0.11875 0.1734375
1 0.71484375 0.5671875 0.0203125 0.1015625
1 0.4546875 0.5765625 0.1046875 0.1890625
1 0.134375 0.61875 0.26796875 0.23203125
0 0.02109375 0.54921875 0.01484375 0.0359375
0 0.0078125 0.5515625 0.01484375 0.065625
0 0.23203125 0.5234375 0.0078125 0.02890625
0 0.26015625 0.5453125 0.01484375 0.071875
0 0.24921875 0.540625 0.01484375 0.06796875
0 0.2390625 0.534375 0.0109375 0.05546875
0 0.721875 0.5015625 0.0078125 0.02890625
0 0.8578125 0.515625 0.01796875 0.065625
0 0.87890625 0.5140625 0.0109375 0.05859375
0 0.909375 0.5234375 0.02890625 0.09140625
0 0.8078125 0.5140625 0.01328125 0.0234375
0 0.8296875 0.51484375 0.021875 0.059375
0 0.5734375 0.50390625 0.01796875 0.04140625
1 0.76484375 0.528125 0.03125 0.04609375
1 0.80078125 0.521875 0.040625 0.0625