1 0.5921875 0.52890625 0.0109375 0.01953125
1 0.6015625 0.53125 0.0171875 0.0265625
1 0.5859375 0.53203125 0.01171875 0.0234375
1 0.578125 0.53046875 0.0109375 0.02109375
1 0.56875 0.53046875 0.01328125 0.02109375
1 0.55859375 0.528125 0.009375 0.015625
1 0.553125 0.53046875 0.01171875 0.02109375
1 0.540625 0.53203125 0.0171875 0.0234375
1 0.53359375 0.5375 0.02421875 0.028125
1 0.49765625 0.54140625 0.03203125 0.04296875
1 0.6234375 0.53125 0.034375 0.046875
1 0.64140625 0.53828125 0.0390625 0.046875
1 0.8203125 0.52578125 0.10859375 0.078125
1 0.040625 0.5578125 0.08125 0.11875
1 0.9734375 0.5328125 0.046875 0.078125