1 0.2875 0.56484375 0.0484375 0.059375
1 0.23671875 0.56328125 0.034375 0.06640625
1 0.203125 0.56953125 0.053125 0.06796875
1 0.0453125 0.58828125 0.090625 0.14296875
1 0.015625 0.609375 0.0296875 0.1359375
1 0.571875 0.58984375 0.0625 0.103125
1 0.5375 0.57421875 0.0265625 0.0375
1 0.51875 0.57734375 0.02109375 0.03046875
1 0.371875 0.55703125 0.0234375 0.0265625
1 0.6234375 0.6078125 0.11171875 0.13359375
1 0.4734375 0.56328125 0.0171875 0.0234375
1 0.45234375 0.565625 0.01953125 0.028125
1 0.11328125 0.58515625 0.071875 0.11640625