0 0.6359375 0.46875 0.01171875 0.05703125
0 0.62421875 0.4625 0.0125 0.04453125
0 0.6765625 0.48203125 0.0109375 0.08359375
0 0.6921875 0.4859375 0.01328125 0.10546875
0 0.80625 0.4828125 0.01953125 0.0984375
0 0.78671875 0.490625 0.0171875 0.0984375
0 0.77109375 0.53046875 0.06015625 0.18046875
1 0.4453125 0.4578125 0.02890625 0.02109375
1 0.41640625 0.475 0.0359375 0.046875
1 0.365625 0.4875 0.04765625 0.06796875
1 0.39140625 0.47890625 0.02265625 0.046875
1 0.33125 0.4859375 0.02734375 0.046875
1 0.28671875 0.478125 0.03125 0.02109375
1 0.0484375 0.49765625 0.09296875 0.0890625
1 0.1671875 0.60078125 0.33046875 0.453125
0 0.8375 0.51015625 0.028125 0.1375
1 0.5203125 0.70078125 0.4046875 0.48359375