1 0.4015625 0.4859375 0.0109375 0.02890625
1 0.403125 0.503125 0.01484375 0.040625
1 0.39375 0.5015625 0.02109375 0.05390625
1 0.36796875 0.51015625 0.04765625 0.08203125
1 0.63359375 0.525 0.0390625 0.04140625
1 0.6734375 0.534375 0.04375 0.040625
1 0.6984375 0.53828125 0.01171875 0.04296875
1 0.44140625 0.50625 0.03125 0.0234375
1 0.51328125 0.5078125 0.00859375 0.02109375
0 0.334375 0.4890625 0.00859375 0.034375
0 0.3296875 0.4921875 0.0078125 0.0375
0 0.52265625 0.50390625 0.0078125 0.0375
0 0.546875 0.51484375 0.00859375 0.04140625
0 0.5546875 0.5109375 0.00859375 0.04453125
0 0.5609375 0.5140625 0.00390625 0.046875
0 0.56640625 0.521875 0.0078125 0.0375
0 0.5734375 0.51640625 0.0109375 0.0375
0 0.58828125 0.5140625 0.0109375 0.0359375
0 0.596875 0.5203125 0.00703125 0.0484375
0 0.60859375 0.52109375 0.0109375 0.05703125
0 0.675 0.54140625 0.009375 0.05390625
0 0.6671875 0.54453125 0.00859375 0.05546875
0 0.965625 0.6015625 0.02109375 0.10703125
0 0.946875 0.6015625 0.01484375 0.096875
0 0.96171875 0.6109375 0.01484375 0.09140625
0 0.92265625 0.58125 0.0125 0.0609375
0 0.86015625 0.59453125 0.00859375 0.08359375
0 0.83203125 0.58515625 0.01484375 0.0765625
0 0.303125 0.48359375 0.01484375 0.0375
0 0.29140625 0.48515625 0.0078125 0.0375
0 0.2859375 0.48515625 0.00546875 0.034375
0 0.2796875 0.490625 0.00859375 0.0609375
0 0.27421875 0.4890625 0.00859375 0.065625
0 0.2609375 0.4875 0.009375 0.05
0 0.2515625 0.490625 0.015625 0.0640625
0 0.234375 0.503125 0.01328125 0.0625
0 0.175 0.5046875 0.01484375 0.103125
0 0.159375 0.521875 0.01875 0.13203125
0 0.84921875 0.60078125 0.0171875 0.103125
0 0.903125 0.6015625 0.0171875 0.09296875
0 0.9328125 0.60546875 0.01953125 0.1265625
0 0.88359375 0.58671875 0.01640625 0.103125
0 0.07890625 0.4890625 0.0078125 0.09296875
0 0.10625 0.496875 0.01328125 0.09140625
0 0.0640625 0.5109375 0.015625 0.1390625
0 0.0046875 0.49765625 0.009375 0.13359375
0 0.13125 0.503125 0.015625 0.1265625
0 0.1203125 0.50078125 0.01328125 0.1
0 0.296875 0.51484375 0.00859375 0.01640625
1 0.9625 0.82890625 0.075 0.20703125