0 0.89375 0.56796875 0.05390625 0.225
0 0.68984375 0.559375 0.0265625 0.125
0 0.59375 0.54921875 0.01015625 0.05
0 0.56953125 0.54921875 0.01171875 0.04453125
0 0.6140625 0.55234375 0.01015625 0.05546875
0 0.12421875 0.5609375 0.01328125 0.0375
0 0.0890625 0.57421875 0.01796875 0.0640625
0 0.059375 0.55859375 0.01796875 0.0640625
1 0.3640625 0.571875 0.04921875 0.06953125
1 0.1671875 0.590625 0.10703125 0.1015625
1 0.28125 0.5875 0.134375 0.175
1 0.45078125 0.56796875 0.11875 0.240625
1 0.0578125 0.653125 0.11484375 0.2515625
1 0.9671875 0.6734375 0.065625 0.21953125
1 0.92890625 0.540625 0.140625 0.1640625