1 0.0984375 0.546875 0.19609375 0.275
1 0.96796875 0.51015625 0.0640625 0.2421875
1 0.2640625 0.51796875 0.16640625 0.1484375
1 0.9015625 0.465625 0.15703125 0.159375
1 0.5171875 0.45234375 0.0140625 0.046875
1 0.5796875 0.4375 0.01640625 0.040625
1 0.5515625 0.4515625 0.04921875 0.06953125
1 0.4875 0.45546875 0.05546875 0.075
1 0.6390625 0.490625 0.12890625 0.209375
0 0.38671875 0.46875 0.0140625 0.06953125
0 0.7140625 0.446875 0.0140625 0.06640625
0 0.3109375 0.4484375 0.0109375 0.034375
0 0.32890625 0.453125 0.0125 0.05390625
0 0.4859375 0.4546875 0.01875 0.0734375