1 0.38515625 0.4515625 0.01875 0.025
1 0.3984375 0.459375 0.0203125 0.03359375
1 0.41796875 0.459375 0.0328125 0.0484375
1 0.4265625 0.459375 0.034375 0.04296875
1 0.4328125 0.47421875 0.034375 0.05390625
1 0.478125 0.48046875 0.084375 0.1125
1 0.56640625 0.509375 0.16015625 0.1765625
1 0.36640625 0.4546875 0.01875 0.03046875
1 0.3578125 0.459375 0.02265625 0.03359375
1 0.34140625 0.45625 0.02578125 0.05390625
1 0.31640625 0.4578125 0.04140625 0.08203125
1 0.2984375 0.4703125 0.04609375 0.0859375
1 0.28125 0.471875 0.0546875 0.0890625
1 0.25 0.49140625 0.059375 0.10390625
1 0.175 0.50859375 0.159375 0.1734375
1 0.0484375 0.54140625 0.09609375 0.290625
1 0.8125 0.63046875 0.37265625 0.540625