1 0.36328125 0.425 0.0125 0.021875
1 0.3734375 0.42734375 0.01640625 0.0265625
1 0.3828125 0.425 0.01328125 0.04140625
1 0.4 0.43359375 0.03125 0.04296875
1 0.4140625 0.44296875 0.02578125 0.053125
1 0.44765625 0.44765625 0.05703125 0.0875
1 0.34375 0.4234375 0.01875 0.03359375
1 0.325 0.43203125 0.01796875 0.0359375
1 0.30390625 0.42734375 0.02421875 0.04140625
1 0.28359375 0.4296875 0.01640625 0.04140625
1 0.2234375 0.43984375 0.10625 0.12890625
1 0.0953125 0.47265625 0.17421875 0.225
1 0.5296875 0.459375 0.13125 0.18203125
0 0.7515625 0.44140625 0.02578125 0.1390625