1 0.5578125 0.3953125 0.0078125 0.01796875
1 0.56328125 0.40546875 0.01171875 0.025
1 0.58671875 0.39375 0.03828125 0.071875
1 0.59140625 0.421875 0.02109375 0.04453125
1 0.6015625 0.42265625 0.0390625 0.0609375
1 0.615625 0.4328125 0.03046875 0.05546875
1 0.6328125 0.4296875 0.04296875 0.103125
1 0.6515625 0.4359375 0.0578125 0.14140625
1 0.7234375 0.459375 0.16015625 0.21640625
1 0.37890625 0.41171875 0.01875 0.03359375
1 0.359375 0.40703125 0.0234375 0.04140625
1 0.33359375 0.41015625 0.01953125 0.040625
1 0.3125 0.40703125 0.03125 0.0609375
1 0.2828125 0.409375 0.03671875 0.06953125
1 0.2375 0.41875 0.065625 0.0890625
1 0.165625 0.434375 0.1125 0.0984375
1 0.534375 0.403125 0.01328125 0.0484375
1 0.50546875 0.4203125 0.06953125 0.1234375
1 0.86328125 0.58125 0.2734375 0.415625
1 0.4640625 0.396875 0.01171875 0.0234375
1 0.453125 0.40078125 0.01015625 0.02109375
1 0.440625 0.39921875 0.01171875 0.0234375
1 0.428125 0.403125 0.01328125 0.0265625
1 0.41953125 0.40234375 0.01484375 0.02890625
0 0.03203125 0.4328125 0.03125 0.06640625