0 0.8921875 0.4421875 0.03359375 0.12890625
0 0.7734375 0.434375 0.02734375 0.1265625
0 0.084375 0.40859375 0.0265625 0.128125
0 0.0546875 0.403125 0.03125 0.12890625
0 0.09921875 0.38671875 0.01484375 0.0765625
0 0.2546875 0.378125 0.01015625 0.02109375
0 0.29453125 0.38359375 0.0078125 0.040625
0 0.2859375 0.3796875 0.00703125 0.04296875
1 0.528125 0.39609375 0.0109375 0.025
1 0.5125 0.396875 0.021875 0.03046875
1 0.4953125 0.39140625 0.015625 0.02109375
1 0.47265625 0.3890625 0.02890625 0.03359375
1 0.4546875 0.3953125 0.00859375 0.01796875
1 0.43984375 0.39453125 0.02734375 0.0375
1 0.409375 0.390625 0.03515625 0.05390625
1 0.365625 0.396875 0.05546875 0.0609375
1 0.246875 0.4046875 0.06328125 0.0609375
1 0.1796875 0.403125 0.10625 0.09296875
1 0.5671875 0.40078125 0.03515625 0.05
1 0.60078125 0.4046875 0.0296875 0.04296875
1 0.5421875 0.3890625 0.0171875 0.0234375
1 0.625 0.40390625 0.01953125 0.03359375
1 0.6421875 0.4125 0.01640625 0.02890625
1 0.6703125 0.41875 0.040625 0.04296875
0 0.6609375 0.38984375 0.01015625 0.015625