1 0.4734375 0.41953125 0.01640625 0.0265625
1 0.4546875 0.421875 0.02109375 0.0390625
1 0.43125 0.434375 0.040625 0.05859375
1 0.48359375 0.4234375 0.01953125 0.03046875
1 0.5 0.42421875 0.02421875 0.03359375
1 0.5140625 0.428125 0.01875 0.03359375
1 0.4859375 0.46171875 0.0703125 0.09140625
1 0.5390625 0.43046875 0.0359375 0.05390625
1 0.5890625 0.446875 0.05859375 0.08359375
1 0.6453125 0.446875 0.0609375 0.07890625
1 0.09140625 0.4453125 0.10390625 0.13359375
1 0.3453125 0.4265625 0.04453125 0.05390625
1 0.2109375 0.5265625 0.2875 0.3125
1 0.9828125 0.678125 0.0328125 0.20859375
1 0.4484375 0.5203125 0.00234375 0.00703125