1 0.0921875 0.56328125 0.06875 0.084375
1 0.3671875 0.51953125 0.01484375 0.02109375
1 0.3515625 0.515625 0.02265625 0.028125
1 0.33125 0.52109375 0.02734375 0.03359375
1 0.3078125 0.52109375 0.02890625 0.03359375
1 0.4328125 0.48828125 0.01484375 0.0234375
1 0.4109375 0.50078125 0.0171875 0.034375
1 0.39296875 0.51015625 0.02109375 0.03046875
1 0.5140625 0.50078125 0.0109375 0.02109375
1 0.5203125 0.50390625 0.009375 0.0234375
1 0.528125 0.50703125 0.01171875 0.028125
1 0.5421875 0.50546875 0.0171875 0.03046875
1 0.56328125 0.51953125 0.03984375 0.0484375
1 0.4828125 0.528125 0.03984375 0.065625
1 0.259375 0.54453125 0.08203125 0.0890625
1 0.16875 0.55859375 0.06875 0.05546875
1 0.03359375 0.58203125 0.0671875 0.084375