0 0.36875 0.47421875 0.01328125 0.075
0 0.3546875 0.47734375 0.0140625 0.084375
0 0.33046875 0.4765625 0.01328125 0.06796875
0 0.3171875 0.46953125 0.01484375 0.0859375
1 0.4421875 0.465625 0.0078125 0.0140625
1 0.45625 0.49296875 0.04140625 0.06953125
1 0.5625 0.46796875 0.0453125 0.05546875
1 0.6171875 0.49609375 0.09296875 0.0890625
1 0.72890625 0.4734375 0.12890625 0.0484375
1 0.51640625 0.53046875 0.1125 0.1734375
1 0.7625 0.72734375 0.47421875 0.4765625
1 0.94375 0.57890625 0.11015625 0.1484375