1 0.0375 0.659375 0.07109375 0.2484375
1 0.9734375 0.68515625 0.04765625 0.1359375
1 0.2421875 0.61328125 0.25703125 0.2765625
1 0.8671875 0.60234375 0.15859375 0.16796875
1 0.6171875 0.57421875 0.0671875 0.09140625
1 0.7640625 0.5765625 0.096875 0.11640625
1 0.65 0.55234375 0.02578125 0.0390625
1 0.53828125 0.5390625 0.02890625 0.04140625
1 0.384375 0.55234375 0.03125 0.0484375
1 0.51640625 0.5421875 0.01484375 0.0390625
1 0.50078125 0.5359375 0.02734375 0.03203125
1 0.48125 0.5328125 0.01875 0.02890625
0 0.96796875 0.57265625 0.0328125 0.084375
1 0.5703125 0.534375 0.0125 0.02109375
0 0.70625 0.55 0.009375 0.05390625