0 0.078125 0.60078125 0.0234375 0.11640625
1 0.284375 0.57890625 0.04375 0.05546875
1 0.25 0.5859375 0.040625 0.065625
1 0.1078125 0.596875 0.05 0.0859375
1 0.415625 0.5671875 0.01484375 0.028125
1 0.3921875 0.56875 0.03828125 0.05390625
1 0.60859375 0.5875 0.05390625 0.09140625
1 0.353125 0.5703125 0.046875 0.0609375
1 0.7109375 0.59921875 0.17421875 0.2359375
1 0.50703125 0.653125 0.228125 0.303125
1 0.16796875 0.59375 0.1125 0.1125
1 0.228125 0.58984375 0.01875 0.0640625
1 0.034375 0.61484375 0.06875 0.11640625