1 0.434375 0.75859375 0.01640625 0.0265625
1 0.49375 0.78046875 0.0390625 0.05390625
1 0.5515625 0.8078125 0.0546875 0.06953125
1 0.403125 0.78359375 0.05625 0.07890625
1 0.73203125 0.8625 0.17578125 0.18203125
0 0.33515625 0.74375 0.01953125 0.065625
0 0.26171875 0.746875 0.0203125 0.14609375
0 0.2515625 0.68359375 0.0125 0.05390625
0 0.23671875 0.74609375 0.02734375 0.16796875
0 0.2046875 0.74921875 0.040625 0.175
0 0.1984375 0.72421875 0.0390625 0.16640625
0 0.8421875 0.865625 0.03046875 0.146875
0 0.8671875 0.871875 0.02578125 0.1390625