1 0.0703125 0.63046875 0.1375 0.24140625
1 0.190625 0.5671875 0.1609375 0.171875
1 0.30625 0.54296875 0.07890625 0.090625
1 0.36328125 0.53046875 0.05625 0.071875
1 0.5015625 0.49453125 0.03359375 0.059375
1 0.60546875 0.471875 0.03203125 0.04140625
1 0.57734375 0.4765625 0.028125 0.0359375
1 0.4265625 0.50546875 0.05078125 0.0484375
1 0.53125 0.5078125 0.05546875 0.075
1 0.5609375 0.503125 0.01640625 0.04609375
0 0.6640625 0.4703125 0.009375 0.05859375
0 0.95078125 0.453125 0.05 0.15
0 0.89765625 0.45859375 0.03203125 0.14140625
0 0.771875 0.453125 0.009375 0.04296875
0 0.86328125 0.4625 0.01875 0.10546875