1 0.628125 0.43125 0.03359375 0.096875
1 0.64453125 0.40234375 0.0140625 0.05
1 0.690625 0.378125 0.01171875 0.021875
1 0.6828125 0.37578125 0.009375 0.02109375
1 0.81953125 0.40703125 0.021875 0.021875
1 0.5546875 0.45703125 0.16328125 0.209375
1 0.6640625 0.384375 0.02890625 0.040625
1 0.7109375 0.38359375 0.02578125 0.02890625
1 0.8875 0.440625 0.1390625 0.15703125
1 0.7921875 0.4015625 0.03515625 0.03046875
1 0.971875 0.440625 0.05390625 0.078125
1 0.978125 0.378125 0.0375 0.0390625
1 0.740625 0.39921875 0.02109375 0.0265625