0 0.08984375 0.34296875 0.009375 0.04296875
0 0.0796875 0.34609375 0.01015625 0.0390625
0 0.0625 0.35546875 0.0125 0.05859375
1 0.48671875 0.34375 0.00859375 0.01796875
1 0.4609375 0.34375 0.01640625 0.015625
1 0.440625 0.34765625 0.015625 0.0265625
1 0.421875 0.35078125 0.02265625 0.0375
1 0.6515625 0.33515625 0.01328125 0.021875
1 0.31171875 0.353125 0.02890625 0.0484375
1 0.396875 0.35390625 0.04375 0.05
1 0.3421875 0.3546875 0.046875 0.0515625
1 0.475 0.34375 0.01640625 0.021875
1 0.6359375 0.3390625 0.021875 0.034375
1 0.60859375 0.33828125 0.02109375 0.0265625
1 0.5875 0.3359375 0.0171875 0.0234375
1 0.5734375 0.3375 0.01484375 0.0265625
1 0.66875 0.3375 0.01640625 0.0234375
0 0.13984375 0.359375 0.01015625 0.0484375