1 0.46015625 0.50859375 0.0140625 0.01796875
1 0.44375 0.51015625 0.01875 0.01796875
1 0.425 0.51875 0.0140625 0.01640625
1 0.4078125 0.5203125 0.0171875 0.01796875
1 0.484375 0.50859375 0.01875 0.0234375
1 0.50234375 0.5203125 0.02265625 0.04140625
1 0.528125 0.52578125 0.046875 0.0625
1 0.5765625 0.52890625 0.06328125 0.0890625
1 0.87421875 0.48125 0.09609375 0.13359375
1 0.36875 0.54609375 0.0671875 0.09296875
1 0.6453125 0.540625 0.11640625 0.13046875
1 0.0359375 0.57734375 0.071875 0.103125
0 0.09765625 0.54765625 0.02265625 0.06953125
1 0.953125 0.46796875 0.09296875 0.165625