1 0.16875 0.38046875 0.0265625 0.02890625
1 0.3328125 0.33671875 0.0140625 0.0109375
1 0.29765625 0.34140625 0.0140625 0.02109375
1 0.2796875 0.353125 0.02734375 0.0359375
1 0.2625 0.371875 0.0203125 0.028125
1 0.2953125 0.390625 0.05234375 0.05
1 0.3125 0.3671875 0.0328125 0.04140625
1 0.35625 0.37734375 0.021875 0.02890625
1 0.34609375 0.3609375 0.01796875 0.040625
1 0.5546875 0.49765625 0.2453125 0.2859375
0 0.0078125 0.37109375 0.015625 0.09296875
1 0.034375 0.390625 0.02890625 0.05546875
1 0.08046875 0.44296875 0.07265625 0.140625
1 0.03046875 0.50625 0.0609375 0.16953125
1 0.31875 0.47578125 0.1171875 0.171875
1 0.803125 0.5921875 0.39296875 0.39609375
1 0.10625 0.41875 0.1140625 0.1234375
1 0.3109375 0.33671875 0.01640625 0.02109375