0 0.6578125 0.484375 0.0140625 0.046875
0 0.2984375 0.484375 0.015625 0.084375
0 0.28125 0.4828125 0.021875 0.09453125
0 0.2515625 0.4828125 0.0203125 0.08203125
0 0.228125 0.471875 0.01953125 0.07890625
0 0.9109375 0.471875 0.01171875 0.02109375
0 0.8984375 0.48671875 0.0140625 0.0484375
1 0.425 0.490625 0.0265625 0.0765625
1 0.59296875 0.48125 0.02265625 0.0390625
1 0.3609375 0.490625 0.11328125 0.14296875
1 0.4984375 0.50859375 0.15 0.221875
1 0.1125 0.621875 0.225 0.49375
1 0.95 0.53984375 0.09765625 0.2484375
1 0.7921875 0.5578125 0.2171875 0.30390625