1 0.4578125 0.61328125 0.01171875 0.0359375
1 0.434375 0.60234375 0.04375 0.0625
1 0.40546875 0.615625 0.0484375 0.05859375
1 0.35390625 0.62265625 0.0484375 0.08046875
1 0.2953125 0.6296875 0.08828125 0.109375
1 0.2171875 0.65234375 0.09921875 0.1125
1 0.76484375 0.621875 0.0734375 0.0984375
1 0.81875 0.63125 0.090625 0.11640625
1 0.90703125 0.6578125 0.15234375 0.153125
0 0.0390625 0.5796875 0.028125 0.05
0 0.0046875 0.61328125 0.009375 0.05390625
1 0.08671875 0.66328125 0.1734375 0.1640625
1 0.975 0.696875 0.0484375 0.1734375
1 0.59609375 0.71328125 0.25859375 0.40859375
0 0.015625 0.60078125 0.01953125 0.04140625