1 0.371875 0.60703125 0.03046875 0.04140625
1 0.459375 0.584375 0.021875 0.0140625
1 0.57578125 0.6375 0.0734375 0.12109375
1 0.65 0.659375 0.1390625 0.175
1 0.8375 0.690625 0.32109375 0.2859375
1 0.35625 0.60703125 0.0203125 0.065625
1 0.32734375 0.61171875 0.0625 0.090625
1 0.27421875 0.640625 0.06875 0.13359375
1 0.2 0.671875 0.1609375 0.20859375
1 0.09453125 0.73359375 0.1875 0.37109375
1 0.4296875 0.6265625 0.075 0.0984375
1 0.4953125 0.60234375 0.03671875 0.065625
1 0.4125 0.571875 0.00859375 0.0109375
1 0.4203125 0.5609375 0.00546875 0.009375