1 0.440625 0.496875 0.05078125 0.0765625
1 0.35 0.48828125 0.0296875 0.034375
1 0.34375 0.49453125 0.0171875 0.02890625
1 0.32109375 0.49453125 0.02890625 0.04296875
1 0.2078125 0.521875 0.09296875 0.1
1 0.140625 0.5046875 0.02421875 0.0390625
1 0.04921875 0.559375 0.09765625 0.209375
1 0.09140625 0.5125 0.02578125 0.1140625
1 0.3875 0.5015625 0.0203125 0.0734375
1 0.4 0.50390625 0.01640625 0.07109375
1 0.4140625 0.50390625 0.01875 0.06640625
1 0.3265625 0.509375 0.021875 0.08046875
1 0.91796875 0.80078125 0.16015625 0.39609375
0 0.4703125 0.51328125 0.0234375 0.084375
1 0.36640625 0.48515625 0.0140625 0.025
1 0.38125 0.48046875 0.0109375 0.028125
1 0.4 0.46640625 0.01640625 0.0109375
1 0.390625 0.46875 0.00546875 0.00859375