1 0.3859375 0.55234375 0.03515625 0.0890625
1 0.3625 0.52890625 0.01875 0.02890625
1 0.334375 0.54609375 0.0265625 0.0234375
1 0.2765625 0.565625 0.10546875 0.07109375
1 0.1609375 0.578125 0.08671875 0.05390625
0 0.346875 0.528125 0.003125 0.015625
0 0.340625 0.52734375 0.00703125 0.01640625
0 0.3359375 0.52734375 0.0046875 0.01640625
0 0.33125 0.52890625 0.00390625 0.015625
0 0.2953125 0.528125 0.00546875 0.01640625
0 0.228125 0.55546875 0.01484375 0.040625
0 0.2 0.546875 0.00859375 0.03359375
0 0.9875 0.5234375 0.02421875 0.1109375
1 0.2578125 0.534375 0.03515625 0.02109375
1 0.471875 0.65 0.22734375 0.30859375