1 0.415625 0.43125 0.015625 0.01796875
1 0.38984375 0.434375 0.01875 0.028125
1 0.3765625 0.43671875 0.01328125 0.03046875
1 0.35859375 0.44140625 0.02734375 0.04140625
1 0.33046875 0.45390625 0.04296875 0.05546875
1 0.2671875 0.48125 0.075 0.084375
1 0.4671875 0.4265625 0.01328125 0.0140625
1 0.4875 0.4265625 0.01328125 0.01796875
1 0.53359375 0.43984375 0.0421875 0.0609375
1 0.575 0.465625 0.059375 0.09140625
1 0.60546875 0.484375 0.0859375 0.1015625
1 0.50546875 0.428125 0.02109375 0.04609375