1 0.3578125 0.5265625 0.02734375 0.02890625
1 0.39140625 0.52265625 0.03515625 0.08203125
1 0.28125 0.5203125 0.009375 0.02109375
1 0.2765625 0.52109375 0.0078125 0.0265625
1 0.26875 0.5265625 0.0140625 0.02109375
1 0.259375 0.53125 0.01015625 0.021875
1 0.25 0.53515625 0.0140625 0.0265625
1 0.17734375 0.54375 0.0375 0.046875
1 0.146875 0.55390625 0.0234375 0.06796875
1 0.1046875 0.55 0.065625 0.09296875
1 0.0484375 0.578125 0.096875 0.096875
1 0.309375 0.52734375 0.046875 0.06796875
1 0.22890625 0.53125 0.03515625 0.04296875
1 0.42890625 0.5328125 0.06796875 0.09609375
1 0.759375 0.603125 0.390625 0.41640625
1 0.9 0.8109375 0.19453125 0.37109375