1 0.509375 0.41171875 0.0125 0.02109375
1 0.53125 0.40546875 0.028125 0.0375
1 0.5625 0.409375 0.03984375 0.0640625
1 0.584375 0.421875 0.02421875 0.0515625
1 0.59921875 0.421875 0.02421875 0.0625
1 0.625 0.428125 0.0421875 0.09140625
1 0.6875 0.43203125 0.10859375 0.134375
1 0.4515625 0.40546875 0.0171875 0.02109375
1 0.4640625 0.4078125 0.0078125 0.01640625
1 0.4328125 0.41171875 0.01875 0.025
1 0.4140625 0.409375 0.021875 0.0375
1 0.4015625 0.41171875 0.0171875 0.04140625
1 0.38359375 0.4109375 0.028125 0.04296875
1 0.3546875 0.4203125 0.0359375 0.04609375
1 0.33671875 0.42421875 0.0328125 0.05
1 0.32421875 0.4359375 0.01953125 0.0390625
1 0.2875 0.41953125 0.05625 0.1015625
1 0.190625 0.428125 0.1296875 0.15
1 0.075 0.47109375 0.14921875 0.16796875
1 0.77421875 0.471875 0.178125 0.17109375
1 0.4921875 0.4046875 0.02109375 0.0390625