1 0.63203125 0.45234375 0.10234375 0.13203125
1 0.58046875 0.446875 0.02265625 0.06953125
1 0.5765625 0.43046875 0.05234375 0.078125
1 0.5484375 0.428125 0.0171875 0.05859375
1 0.53671875 0.428125 0.01484375 0.0484375
1 0.29765625 0.4375 0.06328125 0.07109375
1 0.3453125 0.4265625 0.0359375 0.05546875
1 0.390625 0.41484375 0.0265625 0.0390625
1 0.4328125 0.41328125 0.025 0.03359375
1 0.4078125 0.41484375 0.00859375 0.03203125
1 0.015625 0.5375 0.028125 0.125
1 0.0296875 0.45390625 0.05390625 0.06953125
1 0.475 0.409375 0.0234375 0.02109375
1 0.5328125 0.42265625 0.02421875 0.0484375
1 0.51171875 0.42109375 0.01875 0.03203125