1 0.8484375 0.61875 0.30078125 0.43203125
1 0.41015625 0.54453125 0.025 0.05859375
1 0.39921875 0.55234375 0.021875 0.05703125
1 0.521875 0.5359375 0.01796875 0.02109375
1 0.5375 0.5359375 0.01953125 0.040625
1 0.5671875 0.540625 0.0484375 0.059375
1 0.1671875 0.6203125 0.19921875 0.20859375
1 0.3578125 0.559375 0.0609375 0.08203125
1 0.49375 0.5375 0.0171875 0.021875
1 0.5828125 0.5609375 0.05078125 0.0609375
1 0.425 0.54375 0.0171875 0.04453125
1 0.4359375 0.540625 0.01171875 0.03203125
1 0.44453125 0.540625 0.00859375 0.03203125
1 0.45 0.5375 0.01171875 0.02890625
1 0.54375 0.5390625 0.01484375 0.046875