1 0.19375 0.52109375 0.053125 0.0734375
1 0.13125 0.528125 0.078125 0.09140625
1 0.27265625 0.51015625 0.05859375 0.0859375
1 0.60859375 0.509375 0.046875 0.07109375
1 0.67578125 0.51015625 0.10546875 0.12890625
1 0.7421875 0.53984375 0.146875 0.1625
1 0.04921875 0.546875 0.0984375 0.13203125
1 0.8875 0.603125 0.21953125 0.29296875
1 0.459375 0.45390625 0.01484375 0.01640625
1 0.5453125 0.47265625 0.03515625 0.05
1 0.4890625 0.46328125 0.01796875 0.02890625
1 0.47734375 0.4546875 0.015625 0.02109375
1 0.4421875 0.4609375 0.01953125 0.02890625
1 0.4 0.46796875 0.021875 0.0265625
1 0.3515625 0.5359375 0.12421875 0.19609375
1 0.53125 0.4703125 0.0125 0.03046875
1 0.51953125 0.46484375 0.0125 0.021875
1 0.5125 0.45390625 0.0125 0.01796875