1 0.72421875 0.45625 0.09921875 0.09609375
1 0.59140625 0.415625 0.02734375 0.0390625
1 0.5125 0.4203125 0.0203125 0.03046875
1 0.484375 0.41640625 0.0203125 0.03203125
1 0.453125 0.41953125 0.02109375 0.034375
1 0.55 0.4203125 0.01796875 0.03359375
1 0.534375 0.421875 0.01328125 0.01953125
1 0.5703125 0.42109375 0.01171875 0.01640625
1 0.8046875 0.434375 0.05 0.0640625
1 0.953125 0.465625 0.09296875 0.184375
1 0.3640625 0.434375 0.04375 0.05703125
1 0.3234375 0.425 0.025 0.03046875
1 0.4703125 0.41875 0.01015625 0.01796875
0 0.84375 0.43515625 0.015625 0.1
0 0.8640625 0.42890625 0.021875 0.09609375