1 0.08984375 0.446875 0.178125 0.29296875
1 0.2203125 0.4609375 0.09375 0.109375
1 0.3171875 0.478125 0.07734375 0.096875
1 0.36875 0.48828125 0.02890625 0.0765625
1 0.39375 0.509375 0.02578125 0.04296875
1 0.5640625 0.54453125 0.02890625 0.0640625
1 0.634375 0.5546875 0.08671875 0.06796875
1 0.7109375 0.5546875 0.06640625 0.071875
1 0.953125 0.58671875 0.0125 0.02109375
1 0.97734375 0.5890625 0.0421875 0.0375
1 0.85 0.6140625 0.10625 0.13359375
0 0.4171875 0.53359375 0.03828125 0.14609375
0 0.5171875 0.56484375 0.0421875 0.2
1 0.9390625 0.58671875 0.0171875 0.01953125
1 0.9125 0.58515625 0.02734375 0.0140625