1 0.38359375 0.37265625 0.02265625 0.0234375
1 0.29765625 0.38359375 0.025 0.025
1 0.259375 0.3765625 0.0328125 0.0234375
1 0.2140625 0.38046875 0.05625 0.03359375
1 0.471875 0.3828125 0.0078125 0.01796875
1 0.4796875 0.384375 0.00703125 0.02109375
1 0.49140625 0.3875 0.01875 0.0265625
1 0.52265625 0.3890625 0.01875 0.04296875
1 0.53125 0.390625 0.0203125 0.046875
1 0.67109375 0.42109375 0.09453125 0.13203125
1 0.80078125 0.4421875 0.215625 0.19140625
1 0.5625 0.39296875 0.06328125 0.0890625
1 0.4453125 0.3796875 0.02890625 0.046875
1 0.9203125 0.4859375 0.15859375 0.24140625