1 0.30546875 0.4 0.01484375 0.0265625
1 0.2828125 0.41015625 0.04296875 0.06953125
0 0.35703125 0.39609375 0.0078125 0.046875
0 0.3828125 0.396875 0.0140625 0.05390625
0 0.39765625 0.3921875 0.009375 0.0515625
0 0.41875 0.40546875 0.0203125 0.078125
0 0.49375 0.36015625 0.0171875 0.03046875
0 0.52421875 0.428125 0.02578125 0.128125
0 0.5875 0.4109375 0.02734375 0.134375
0 0.55625 0.41328125 0.028125 0.15
0 0.534375 0.415625 0.01796875 0.13359375
0 0.0640625 0.35 0.05 0.159375
1 0.240625 0.39921875 0.01953125 0.02890625