1 0.09140625 0.3453125 0.07890625 0.05
1 0.4125 0.328125 0.0125 0.00703125
1 0.4390625 0.328125 0.0140625 0.00703125
1 0.45546875 0.32890625 0.01953125 0.009375
1 0.50625 0.3375 0.0140625 0.0125
1 0.4953125 0.3375 0.009375 0.015625
1 0.4875 0.334375 0.009375 0.0109375
1 0.3546875 0.3390625 0.02421875 0.021875
1 0.378125 0.3375 0.0140625 0.0109375
1 0.39765625 0.3390625 0.01875 0.01796875
1 0.425 0.33671875 0.01640625 0.015625
1 0.5953125 0.3453125 0.0125 0.01953125
1 0.58359375 0.3453125 0.01328125 0.01953125
1 0.5375 0.34375 0.02421875 0.0234375
1 0.471875 0.353125 0.0328125 0.053125
1 0.7765625 0.4046875 0.246875 0.321875