1 0.6015625 0.515625 0.02109375 0.05703125
1 0.58359375 0.521875 0.0390625 0.075
1 0.5640625 0.53515625 0.04609375 0.09140625
1 0.6703125 0.521875 0.0140625 0.021875
1 0.6859375 0.525 0.01640625 0.0265625
1 0.7015625 0.52421875 0.02734375 0.03203125
1 0.7203125 0.5296875 0.04296875 0.0484375
1 0.76328125 0.5359375 0.07890625 0.078125
1 0.81015625 0.55625 0.08203125 0.0984375
1 0.51796875 0.56015625 0.1046875 0.121875
1 0.03515625 0.45 0.0703125 0.190625
1 0.94921875 0.62421875 0.1015625 0.159375
1 0.60390625 0.49765625 0.01796875 0.034375