1 0.4296875 0.50703125 0.01484375 0.025
1 0.409375 0.51171875 0.01796875 0.03359375
1 0.403125 0.51953125 0.0140625 0.0265625
1 0.39140625 0.51484375 0.0203125 0.034375
1 0.3765625 0.515625 0.02578125 0.0390625
1 0.35703125 0.51875 0.028125 0.04609375
1 0.3359375 0.52421875 0.03828125 0.046875
1 0.3015625 0.534375 0.04453125 0.0640625
1 0.52890625 0.51171875 0.00625 0.015625
1 0.5390625 0.51484375 0.01640625 0.028125
1 0.5421875 0.5171875 0.01015625 0.0265625
1 0.5484375 0.5203125 0.01171875 0.02890625
1 0.5640625 0.521875 0.01953125 0.04453125
1 0.5703125 0.53125 0.021875 0.046875
1 0.5828125 0.53359375 0.0203125 0.0484375
1 0.59765625 0.5359375 0.02890625 0.053125
1 0.6265625 0.5390625 0.0625 0.078125
1 0.171875 0.55078125 0.1328125 0.115625
1 0.4625 0.49765625 0.009375 0.0125
1 0.49609375 0.53046875 0.05625 0.0890625
1 0.4484375 0.5140625 0.021875 0.03046875
1 0.6734375 0.56484375 0.109375 0.096875
1 0.25859375 0.540625 0.0671875 0.0765625
1 0.5546875 0.52578125 0.00859375 0.0375
1 0.53125 0.51328125 0.00703125 0.01796875