1 0.4546875 0.415625 0.00859375 0.0125
1 0.359375 0.4125 0.02109375 0.0234375
1 0.3421875 0.4078125 0.0125 0.021875
1 0.315625 0.41015625 0.00859375 0.0109375
1 0.32734375 0.41796875 0.0234375 0.02890625
1 0.309375 0.42421875 0.0171875 0.03359375
1 0.4734375 0.415625 0.02734375 0.034375
1 0.409375 0.44453125 0.08359375 0.13046875
1 0.25546875 0.43046875 0.1109375 0.1484375
1 0.83046875 0.5421875 0.3390625 0.35
1 0.028125 0.6046875 0.05625 0.253125
1 0.128125 0.4359375 0.028125 0.03046875
0 0.109375 0.4265625 0.01015625 0.0890625
0 0.1265625 0.409375 0.0078125 0.02109375