1 0.50859375 0.3015625 0.009375 0.0125
1 0.4984375 0.31171875 0.0078125 0.0140625
1 0.4953125 0.3140625 0.01171875 0.0125
1 0.3859375 0.3390625 0.0171875 0.025
1 0.346875 0.325 0.01484375 0.01953125
1 0.36015625 0.321875 0.0140625 0.01953125
1 0.2734375 0.340625 0.0234375 0.0265625
1 0.25234375 0.321875 0.034375 0.025
1 0.1953125 0.346875 0.0578125 0.04296875
1 0.125 0.36171875 0.10625 0.0984375
1 0.490625 0.3296875 0.015625 0.01640625
1 0.478125 0.34140625 0.015625 0.0234375
1 0.4609375 0.33125 0.0109375 0.01640625
1 0.5515625 0.3609375 0.07734375 0.11640625
1 0.425 0.3921875 0.09453125 0.1359375
1 0.29765625 0.346875 0.03828125 0.04609375
1 0.08125 0.434375 0.1625 0.2265625
1 0.2828125 0.32734375 0.01015625 0.00703125
1 0.36171875 0.34921875 0.03203125 0.04140625