1 0.4734375 0.4640625 0.01015625 0.02109375
1 0.4796875 0.47578125 0.0140625 0.01953125
1 0.51953125 0.46484375 0.0078125 0.0125
1 0.534375 0.475 0.01171875 0.015625
1 0.58125 0.46015625 0.00859375 0.00859375
1 0.5953125 0.48046875 0.0296875 0.0359375
1 0.6328125 0.484375 0.025 0.0265625
1 0.6765625 0.4859375 0.046875 0.0390625
1 0.740625 0.49609375 0.0453125 0.0375
1 0.75859375 0.484375 0.01484375 0.01640625
1 0.8015625 0.49609375 0.0859375 0.071875
1 0.909375 0.4890625 0.07109375 0.0640625
1 0.8484375 0.484375 0.0078125 0.0125
1 0.71484375 0.47109375 0.021875 0.0234375
1 0.28203125 0.47109375 0.0046875 0.00859375
0 0.25 0.478125 0.0046875 0.0125
1 0.20859375 0.4828125 0.01953125 0.021875
1 0.18671875 0.4890625 0.028125 0.02109375
1 0.034375 0.503125 0.04375 0.0234375
1 0.00546875 0.503125 0.0109375 0.03359375
1 0.4453125 0.49140625 0.053125 0.0890625
1 0.30546875 0.46328125 0.00546875 0.00546875
1 0.47265625 0.45859375 0.0078125 0.0109375
1 0.46328125 0.453125 0.00703125 0.00859375
1 0.4671875 0.428125 0.0171875 0.01953125
1 0.6984375 0.4703125 0.0078125 0.009375