1 0.1953125 0.484375 0.13203125 0.159375
1 0.2890625 0.478125 0.06328125 0.09296875
1 0.328125 0.478125 0.03515625 0.07109375
1 0.346875 0.47265625 0.02265625 0.059375
1 0.359375 0.471875 0.01484375 0.04453125
1 0.7 0.56640625 0.153125 0.159375
1 0.48359375 0.5265625 0.0859375 0.14296875
1 0.4140625 0.47265625 0.02421875 0.0390625
0 0.39140625 0.47578125 0.01640625 0.09453125
0 0.8359375 0.553125 0.025 0.1015625
0 0.790625 0.565625 0.0234375 0.12109375
1 0.36875 0.4671875 0.01953125 0.04296875
1 0.3796875 0.46640625 0.01015625 0.034375
1 0.44296875 0.4765625 0.0203125 0.0234375