0 0.790625 0.58828125 0.0625 0.3
0 0.78125 0.5859375 0.0515625 0.30859375
0 0.6984375 0.62265625 0.0765625 0.30390625
0 0.61875 0.55625 0.04609375 0.22109375
0 0.5828125 0.47734375 0.01640625 0.0484375
0 0.4734375 0.45 0.034375 0.0640625
0 0.4328125 0.44609375 0.0296875 0.0734375
0 0.37734375 0.51171875 0.03359375 0.19609375
0 0.340625 0.49921875 0.0375 0.2125
1 0.0625 0.49375 0.0578125 0.0609375
1 0.4765625 0.696875 0.303125 0.421875
1 0.1765625 0.53203125 0.17578125 0.0484375
0 0.9765625 0.60625 0.046875 0.396875