1 0.4171875 0.56953125 0.03125 0.046875
1 0.3875 0.5734375 0.03125 0.0375
1 0.08125 0.609375 0.13828125 0.10859375
1 0.1875 0.596875 0.11640625 0.115625
1 0.2515625 0.5921875 0.0375 0.07109375
1 0.284375 0.56171875 0.03203125 0.025
1 0.36796875 0.565625 0.01484375 0.02109375
1 0.58828125 0.5671875 0.0125 0.02109375
1 0.6953125 0.6 0.05 0.06953125
1 0.3234375 0.59453125 0.10078125 0.09453125
1 0.625 0.61796875 0.11328125 0.18359375
1 0.059375 0.6859375 0.11875 0.2375
1 0.5609375 0.56171875 0.02421875 0.046875
1 0.440625 0.56796875 0.01640625 0.0234375