1 0.23046875 0.48671875 0.059375 0.05
1 0.16796875 0.496875 0.1125 0.0765625
1 0.125 0.5078125 0.09921875 0.10546875
1 0.54375 0.4515625 0.015625 0.034375
1 0.5609375 0.459375 0.0125 0.02890625
1 0.571875 0.459375 0.01953125 0.040625
1 0.5921875 0.46640625 0.0375 0.04296875
1 0.6234375 0.47734375 0.034375 0.04140625
1 0.65 0.48828125 0.04296875 0.0609375
1 0.69609375 0.4953125 0.05859375 0.07890625
1 0.7578125 0.503125 0.0875 0.10546875
1 0.47578125 0.45703125 0.01484375 0.015625
1 0.4921875 0.45859375 0.0125 0.01796875
1 0.06015625 0.53203125 0.1203125 0.128125
1 0.8703125 0.684375 0.25859375 0.52890625
1 0.30078125 0.4796875 0.08203125 0.05703125
1 0.38125 0.465625 0.078125 0.040625
1 0.5515625 0.45703125 0.0109375 0.03046875