1 0.5125 0.48203125 0.0203125 0.01953125
1 0.5015625 0.49296875 0.01328125 0.03359375
1 0.4875 0.49609375 0.02578125 0.05546875
1 0.459375 0.50078125 0.05078125 0.1015625
1 0.37890625 0.51015625 0.046875 0.06796875
1 0.5390625 0.48515625 0.0171875 0.0265625
1 0.6421875 0.5046875 0.034375 0.053125
1 0.6828125 0.5171875 0.078125 0.09296875
1 0.5921875 0.521875 0.08671875 0.1140625
1 0.428125 0.52265625 0.08671875 0.1
0 0.73515625 0.52265625 0.04765625 0.25390625
0 0.253125 0.48359375 0.01640625 0.09296875
0 0.225 0.521875 0.02421875 0.1359375
0 0.1890625 0.515625 0.02265625 0.1265625
0 0.1515625 0.4828125 0.02578125 0.1109375
0 0.1203125 0.4671875 0.02421875 0.078125
0 0.2390625 0.4890625 0.01796875 0.09453125
1 0.08046875 0.5734375 0.1609375 0.253125