1 0.66171875 0.4875 0.14296875 0.13046875
1 0.5546875 0.446875 0.0828125 0.08203125
1 0.5015625 0.43828125 0.0484375 0.05859375
1 0.4625 0.42734375 0.0375 0.04453125
1 0.43984375 0.42578125 0.01015625 0.03203125
1 0.428125 0.421875 0.01484375 0.025
1 0.32890625 0.41875 0.04765625 0.0734375
1 0.39375 0.4140625 0.0265625 0.04296875
1 0.41484375 0.41796875 0.0109375 0.00859375
1 0.084375 0.4265625 0.06796875 0.06953125
1 0.16171875 0.4125 0.04453125 0.05390625
1 0.1953125 0.41328125 0.01875 0.03203125
1 0.2109375 0.41328125 0.01484375 0.0265625
1 0.2328125 0.409375 0.02734375 0.034375
1 0.27109375 0.40390625 0.025 0.02890625
1 0.1265625 0.41015625 0.01953125 0.025