0 0.7921875 0.234375 0.00703125 0.028125
0 0.8 0.23984375 0.0078125 0.025
1 0.82109375 0.315625 0.13203125 0.12109375
1 0.7484375 0.2859375 0.09375 0.1
1 0.69375 0.2828125 0.04921875 0.078125
1 0.6546875 0.2671875 0.040625 0.0609375
1 0.63203125 0.26171875 0.03046875 0.05390625
1 0.6125 0.26015625 0.01484375 0.04296875
1 0.5796875 0.24765625 0.01796875 0.0265625
1 0.11328125 0.33515625 0.22265625 0.19140625
1 0.37578125 0.29140625 0.1 0.11796875
1 0.296875 0.278125 0.08984375 0.11640625
1 0.4859375 0.2609375 0.0578125 0.0390625
1 0.521875 0.240625 0.0359375 0.05546875
1 0.66953125 0.27421875 0.0390625 0.05859375
1 0.6015625 0.2625 0.01640625 0.040625