0 0.753125 0.51875 0.0828125 0.35546875
1 0.1296875 0.39921875 0.07421875 0.0640625
1 0.41796875 0.39375 0.01328125 0.01640625
1 0.4390625 0.4 0.0203125 0.02109375
0 0.46015625 0.3921875 0.0078125 0.0375
1 0.4671875 0.40546875 0.021875 0.0515625
1 0.48125 0.41328125 0.03515625 0.05703125
1 0.3203125 0.3953125 0.0328125 0.03046875
1 0.39375 0.4015625 0.028125 0.0375
1 0.51171875 0.4109375 0.05703125 0.090625
1 0.24765625 0.40234375 0.06640625 0.075
1 0.08125 0.5234375 0.1625 0.45
0 0.4546875 0.396875 0.00703125 0.040625