1 0.4 0.4515625 0.01015625 0.0234375
1 0.39375 0.4546875 0.0078125 0.02890625
1 0.378125 0.45546875 0.01328125 0.0375
1 0.3703125 0.45703125 0.0140625 0.040625
1 0.35625 0.45859375 0.02421875 0.04609375
1 0.3375 0.465625 0.03046875 0.05
1 0.30859375 0.4734375 0.03515625 0.0609375
1 0.2671875 0.478125 0.0609375 0.0875
1 0.2109375 0.503125 0.08671875 0.0859375
1 0.11328125 0.52578125 0.12734375 0.1234375
1 0.0359375 0.5484375 0.071875 0.153125
1 0.49296875 0.44140625 0.01484375 0.034375
1 0.503125 0.44375 0.01171875 0.040625
1 0.51015625 0.45078125 0.01328125 0.04296875
1 0.52109375 0.44140625 0.01953125 0.0609375
1 0.53125 0.4453125 0.0234375 0.0609375
1 0.5421875 0.453125 0.02265625 0.05703125
1 0.5796875 0.44453125 0.06953125 0.115625
1 0.6171875 0.459375 0.0484375 0.1140625
1 0.7703125 0.46015625 0.31640625 0.35390625
1 0.95 0.60859375 0.09921875 0.19140625
1 0.45625 0.46484375 0.07109375 0.109375
1 0.3859375 0.453125 0.0078125 0.03203125