1 0.053125 0.51875 0.0453125 0.05
1 0.01328125 0.5234375 0.0265625 0.15390625
0 0.2125 0.48359375 0.0109375 0.0359375
1 0.30703125 0.4640625 0.021875 0.03203125
1 0.3296875 0.4546875 0.0125 0.028125
1 0.3734375 0.4625 0.0140625 0.021875
1 0.3796875 0.44296875 0.01640625 0.01796875
1 0.453125 0.46796875 0.0234375 0.05546875
1 0.49375 0.4515625 0.0734375 0.10859375
1 0.5328125 0.4703125 0.08515625 0.125
1 0.56796875 0.47421875 0.08203125 0.146875
1 0.709375 0.46171875 0.25859375 0.29140625
1 0.4078125 0.45546875 0.04609375 0.0734375
1 0.3484375 0.47109375 0.03515625 0.05703125
1 0.90859375 0.51640625 0.1828125 0.40390625