1 0.0640625 0.6 0.125 0.2609375
1 0.18203125 0.646875 0.2921875 0.303125
1 0.503125 0.6703125 0.36328125 0.359375
1 0.36953125 0.56171875 0.05703125 0.10703125
1 0.3375 0.52421875 0.0390625 0.05703125
1 0.303125 0.53125 0.0328125 0.06796875
1 0.62421875 0.53515625 0.09765625 0.134375
1 0.80859375 0.659375 0.32109375 0.328125
0 0.721875 0.490625 0.01484375 0.028125
0 0.778125 0.4828125 0.021875 0.03203125
0 0.80078125 0.48046875 0.025 0.03359375
0 0.678125 0.51171875 0.01640625 0.059375
0 0.903125 0.5 0.0359375 0.13203125
0 0.940625 0.52578125 0.04453125 0.171875