1 0.5921875 0.4515625 0.01015625 0.0109375
1 0.578125 0.4546875 0.01640625 0.0140625
1 0.565625 0.4625 0.01015625 0.021875
1 0.521875 0.44921875 0.0375 0.025
1 0.49375 0.44921875 0.0140625 0.025
1 0.503125 0.4765625 0.0265625 0.02890625
1 0.5375 0.49453125 0.0484375 0.08046875
1 0.4390625 0.4390625 0.0328125 0.02109375
1 0.3421875 0.47890625 0.03046875 0.040625
1 0.73125 0.5078125 0.10625 0.15
1 0.478125 0.496875 0.0359375 0.04140625
1 0.1375 0.47109375 0.0546875 0.03046875
1 0.415625 0.51796875 0.11796875 0.15390625
1 0.6359375 0.57109375 0.1859375 0.22890625
1 0.2453125 0.42578125 0.01328125 0.01953125
1 0.2609375 0.42734375 0.01484375 0.021875
1 0.471875 0.459375 0.034375 0.040625