1 0.440625 0.49921875 0.0359375 0.04296875
1 0.571875 0.5 0.03984375 0.0375
1 0.15703125 0.521875 0.10078125 0.09140625
1 0.54765625 0.4953125 0.01953125 0.03203125
1 0.265625 0.5203125 0.03671875 0.04609375
1 0.221875 0.515625 0.053125 0.0640625
1 0.8390625 0.56328125 0.1546875 0.1390625
1 0.9390625 0.59296875 0.121875 0.19140625
1 0.390625 0.49375 0.0625 0.04453125
1 0.31796875 0.50703125 0.015625 0.040625
1 0.2875 0.50859375 0.04375 0.05390625
1 0.465625 0.490625 0.01171875 0.01796875
1 0.484375 0.4953125 0.0265625 0.03046875
1 0.52734375 0.49765625 0.0109375 0.01640625
1 0.5109375 0.49375 0.0203125 0.021875
1 0.3296875 0.5046875 0.01953125 0.04453125
1 0.3421875 0.5046875 0.0125 0.03359375