1 0.465625 0.48359375 0.01171875 0.0109375
1 0.45078125 0.4859375 0.01484375 0.01640625
1 0.44609375 0.490625 0.0109375 0.015625
1 0.50078125 0.47734375 0.01015625 0.0109375
1 0.5125 0.478125 0.0109375 0.015625
1 0.5234375 0.478125 0.0109375 0.01640625
1 0.534375 0.48203125 0.02265625 0.025
1 0.42421875 0.5 0.0265625 0.03203125
1 0.484375 0.48125 0.015625 0.015625
1 0.3890625 0.51875 0.01953125 0.046875
1 0.2890625 0.55234375 0.04296875 0.09609375
1 0.18125 0.59140625 0.19375 0.18203125
1 0.5703125 0.509375 0.0296875 0.04296875
1 0.59296875 0.51015625 0.03125 0.0609375
1 0.628125 0.509375 0.06484375 0.0890625
1 0.6578125 0.521875 0.0734375 0.084375
1 0.7109375 0.50859375 0.09140625 0.03359375
1 0.3609375 0.52578125 0.046875 0.05546875
1 0.04609375 0.61953125 0.0921875 0.1875
1 0.89375 0.60390625 0.2125 0.23046875
1 0.7265625 0.66640625 0.20859375 0.29296875