0 0.840625 0.32578125 0.0140625 0.071875
0 0.8328125 0.3265625 0.00703125 0.0625
0 0.89765625 0.325 0.01796875 0.084375
0 0.978125 0.35390625 0.0234375 0.1625
0 0.990625 0.353125 0.01796875 0.175
1 0.5703125 0.38046875 0.0921875 0.153125
1 0.7890625 0.36796875 0.07890625 0.08203125
1 0.60859375 0.35390625 0.02734375 0.0734375
1 0.6203125 0.33359375 0.01875 0.04609375
1 0.74453125 0.35 0.03359375 0.06953125
1 0.7140625 0.3328125 0.0390625 0.040625
1 0.78125 0.3203125 0.0609375 0.0625
0 0.821875 0.32578125 0.0125 0.04609375