1 0.803125 0.4453125 0.39296875 0.55390625
1 0.5203125 0.34375 0.05703125 0.07890625
0 0.46875 0.346875 0.0140625 0.09140625
0 0.3390625 0.36875 0.02890625 0.1875
0 0.30078125 0.3578125 0.03125 0.2140625
1 0.1796875 0.37734375 0.13984375 0.09296875
0 0.0640625 0.309375 0.0109375 0.0234375
1 0.5515625 0.32421875 0.03359375 0.05390625
1 0.565625 0.32578125 0.0171875 0.05
1 0.5734375 0.31953125 0.02109375 0.05390625
1 0.58046875 0.315625 0.0171875 0.04453125
1 0.590625 0.309375 0.01484375 0.03359375
1 0.634375 0.30546875 0.03046875 0.065625
1 0.03203125 0.675 0.0640625 0.12890625