1 0.91171875 0.68359375 0.1765625 0.3875
1 0.5109375 0.51015625 0.0296875 0.0765625
1 0.4078125 0.4984375 0.01953125 0.028125
1 0.3921875 0.49296875 0.015625 0.02109375
1 0.30234375 0.49375 0.01640625 0.0234375
1 0.27578125 0.496875 0.021875 0.025
1 0.259375 0.496875 0.015625 0.03046875
1 0.24609375 0.49765625 0.025 0.03046875
1 0.221875 0.5 0.0328125 0.0484375
1 0.0140625 0.5203125 0.0265625 0.084375
1 0.3421875 0.49296875 0.02421875 0.03046875
1 0.4546875 0.51328125 0.0890625 0.1859375
1 0.375 0.49296875 0.025 0.0390625
1 0.2875 0.4953125 0.0125 0.0234375
1 0.58984375 0.48515625 0.0421875 0.0375
0 0.75 0.50390625 0.02578125 0.0765625