1 0.3875 0.5484375 0.028125 0.034375
1 0.36015625 0.55703125 0.01953125 0.04296875
1 0.346875 0.559375 0.021875 0.0515625
1 0.3265625 0.56640625 0.04296875 0.06796875
1 0.2171875 0.603125 0.18671875 0.20546875
1 0.41640625 0.54453125 0.01171875 0.01796875
1 0.471875 0.546875 0.01484375 0.04140625
1 0.48828125 0.553125 0.03046875 0.059375
1 0.5203125 0.5640625 0.0546875 0.10703125
1 0.5453125 0.58125 0.053125 0.109375
1 0.6109375 0.60703125 0.13828125 0.15703125
1 0.7296875 0.56796875 0.053125 0.1234375