1 0.1265625 0.3453125 0.07109375 0.05859375
1 0.22109375 0.35078125 0.034375 0.03203125
1 0.3 0.35078125 0.034375 0.03203125
1 0.36015625 0.35625 0.0234375 0.02109375
1 0.5921875 0.39140625 0.028125 0.05546875
1 0.63359375 0.39453125 0.0578125 0.0765625
1 0.50546875 0.37578125 0.01953125 0.02890625
1 0.70859375 0.4328125 0.13671875 0.1375
1 0.559375 0.36796875 0.01484375 0.0265625
1 0.4234375 0.35859375 0.025 0.02890625
1 0.4796875 0.3546875 0.02265625 0.0265625
1 0.4578125 0.35625 0.01640625 0.0234375
1 0.4421875 0.3578125 0.01484375 0.015625