1 0.45078125 0.37734375 0.0125 0.00859375
1 0.45078125 0.3921875 0.0109375 0.01953125
1 0.465625 0.38203125 0.015625 0.021875
1 0.4625 0.3953125 0.0171875 0.02109375
1 0.415625 0.3890625 0.0078125 0.01953125
1 0.4078125 0.3921875 0.00703125 0.015625
1 0.4046875 0.37734375 0.0109375 0.015625
1 0.16171875 0.409375 0.05625 0.0640625
1 0.08984375 0.41953125 0.0859375 0.071875
1 0.021875 0.4265625 0.04375 0.084375
1 0.3875 0.37734375 0.009375 0.0125
1 0.3921875 0.396875 0.02734375 0.0375
1 0.43359375 0.403125 0.0328125 0.046875
1 0.24375 0.43984375 0.13359375 0.15859375
0 0.875 0.4328125 0.0234375 0.11640625
1 0.54921875 0.39921875 0.02890625 0.02890625
1 0.3265625 0.384375 0.10078125 0.03046875