1 0.4953125 0.36953125 0.0078125 0.01796875
1 0.4796875 0.36796875 0.01953125 0.04140625
1 0.54140625 0.390625 0.01796875 0.0359375
1 0.56484375 0.4 0.053125 0.084375
1 0.796875 0.4078125 0.08125 0.0625
1 0.8703125 0.409375 0.0671875 0.0734375
1 0.9484375 0.4328125 0.09765625 0.0734375
1 0.621875 0.46171875 0.1484375 0.1890625
1 0.4515625 0.37265625 0.05 0.09140625
1 0.33046875 0.3609375 0.034375 0.03359375
1 0.4015625 0.35859375 0.0234375 0.0265625
1 0.375 0.3609375 0.03046875 0.040625
1 0.509375 0.38125 0.02265625 0.0390625
1 0.034375 0.31796875 0.06875 0.1140625
0 0.08203125 0.33359375 0.01328125 0.096875
0 0.0515625 0.33359375 0.01875 0.084375
0 0.00625 0.321875 0.0125 0.103125