1 0.4984375 0.44921875 0.009375 0.0234375
1 0.49609375 0.44921875 0.009375 0.01953125
1 0.48984375 0.453125 0.0109375 0.021875
1 0.48359375 0.45625 0.01484375 0.0234375
1 0.4765625 0.459375 0.01328125 0.02890625
1 0.46875 0.4625 0.01640625 0.0265625
1 0.4640625 0.465625 0.0125 0.02890625
1 0.45546875 0.4671875 0.0109375 0.03203125
1 0.4578125 0.465625 0.0125 0.021875
1 0.5328125 0.44609375 0.009375 0.021875
1 0.5375 0.45078125 0.0109375 0.021875
1 0.5421875 0.453125 0.009375 0.03203125
1 0.5453125 0.45546875 0.0109375 0.0359375
1 0.55 0.4578125 0.0125 0.0359375
1 0.571875 0.465625 0.03671875 0.05703125
1 0.5859375 0.48828125 0.01484375 0.053125
1 0.6 0.490625 0.02578125 0.06796875
1 0.6109375 0.4953125 0.0296875 0.06796875
1 0.62890625 0.49765625 0.03828125 0.078125
1 0.6890625 0.4953125 0.10859375 0.13046875
1 0.43828125 0.4796875 0.034375 0.0375
1 0.2984375 0.51484375 0.0953125 0.1109375
1 0.396875 0.490625 0.03984375 0.065625
1 0.3828125 0.49609375 0.034375 0.07109375
1 0.3578125 0.5015625 0.04609375 0.09296875
1 0.9359375 0.61015625 0.125 0.29453125