1 0.9 0.3203125 0.08984375 0.053125
1 0.71875 0.31640625 0.0625 0.05703125
1 0.2234375 0.27421875 0.02421875 0.03359375
1 0.18828125 0.28046875 0.01015625 0.028125
1 0.2828125 0.278125 0.025 0.03203125
1 0.24765625 0.28203125 0.04140625 0.0484375
1 0.971875 0.321875 0.05546875 0.0640625
1 0.76171875 0.321875 0.11328125 0.0609375
0 0.171875 0.278125 0.01015625 0.05703125
0 0.14609375 0.27421875 0.009375 0.0640625
0 0.1546875 0.27578125 0.01015625 0.0640625
1 0.20625 0.2734375 0.01015625 0.05390625
0 0.19609375 0.271875 0.0078125 0.0359375
0 0.3796875 0.28515625 0.00859375 0.04609375
0 0.36875 0.2796875 0.00859375 0.05390625
0 0.215625 0.28203125 0.00625 0.034375