1 0.75 0.5140625 0.0546875 0.046875
1 0.8 0.5140625 0.05703125 0.05546875
1 0.8328125 0.4984375 0.0328125 0.01953125
1 0.8828125 0.515625 0.175 0.096875
1 0.3390625 0.509375 0.02265625 0.021875
1 0.2953125 0.50859375 0.02265625 0.03359375
1 0.3078125 0.50859375 0.0109375 0.02109375
1 0.2109375 0.521875 0.0546875 0.05703125
1 0.13671875 0.5265625 0.01953125 0.02109375
1 0.034375 0.5265625 0.0265625 0.01796875
0 0.6453125 0.53046875 0.0171875 0.0890625
0 0.671875 0.5265625 0.0203125 0.096875
0 0.6921875 0.52421875 0.028125 0.1265625