0 0.18125 0.534375 0.0203125 0.134375
0 0.63984375 0.565625 0.015625 0.0875
0 0.5390625 0.53515625 0.01484375 0.0734375
0 0.5234375 0.5390625 0.0125 0.065625
0 0.19375 0.509375 0.0140625 0.08203125
0 0.23203125 0.50859375 0.0234375 0.03359375
0 0.2625 0.4984375 0.00703125 0.0265625
0 0.275 0.49609375 0.00703125 0.025
1 0.309375 0.503125 0.015625 0.021875
1 0.35625 0.5078125 0.015625 0.021875
1 0.3640625 0.51171875 0.015625 0.02109375
1 0.378125 0.51328125 0.01796875 0.03046875
1 0.39453125 0.5171875 0.02734375 0.0359375
1 0.44453125 0.53515625 0.028125 0.05546875
1 0.34609375 0.50859375 0.0109375 0.02109375
1 0.33203125 0.50546875 0.015625 0.028125
1 0.29375 0.5265625 0.046875 0.06953125
1 0.4171875 0.54296875 0.065625 0.09140625
1 0.884375 0.66953125 0.228125 0.4015625