0 0.84375 0.5125 0.00859375 0.0375
0 0.8375 0.51484375 0.01015625 0.046875
0 0.80859375 0.515625 0.01015625 0.04453125
0 0.828125 0.51796875 0.01484375 0.05390625
0 0.803125 0.521875 0.01328125 0.046875
0 0.609375 0.50625 0.0078125 0.0359375
0 0.75390625 0.5171875 0.0109375 0.04453125
0 0.74140625 0.5109375 0.01328125 0.0640625
1 0.4671875 0.50546875 0.015625 0.01640625
1 0.47890625 0.50390625 0.0109375 0.0140625
1 0.4875 0.5046875 0.01171875 0.02109375
1 0.496875 0.509375 0.01328125 0.025
1 0.50703125 0.51171875 0.0171875 0.03046875
1 0.525 0.509375 0.0234375 0.04296875
1 0.559375 0.5109375 0.01484375 0.0265625
1 0.54375 0.5203125 0.03515625 0.04453125
1 0.7 0.5015625 0.053125 0.05859375
1 0.3765625 0.509375 0.01328125 0.01953125
1 0.3953125 0.5078125 0.0125 0.02109375
1 0.0859375 0.5734375 0.171875 0.3375