1 0.396875 0.4109375 0.01171875 0.0265625
1 0.3890625 0.41484375 0.0109375 0.025
1 0.378125 0.4140625 0.01484375 0.02890625
1 0.34765625 0.4078125 0.05078125 0.0875
1 0.45625 0.403125 0.0375 0.053125
1 0.62578125 0.4578125 0.05078125 0.084375
1 0.725 0.44140625 0.16015625 0.1859375
1 0.9234375 0.53046875 0.15078125 0.25859375
1 0.5703125 0.45234375 0.0609375 0.08203125
1 0.5015625 0.4734375 0.1203125 0.14140625
0 0.134375 0.39375 0.046875 0.13046875
0 0.0671875 0.390625 0.05625 0.14453125
1 0.4234375 0.428125 0.02890625 0.040625