1 0.390625 0.534375 0.08359375 0.121875
1 0.15703125 0.54140625 0.06875 0.0859375
1 0.125 0.5453125 0.06328125 0.09140625
1 0.08046875 0.553125 0.084375 0.096875
1 0.3453125 0.503125 0.02109375 0.021875
1 0.284375 0.5078125 0.03203125 0.034375
1 0.3046875 0.5109375 0.01796875 0.03046875
1 0.4265625 0.490625 0.0140625 0.028125
1 0.4609375 0.49765625 0.0546875 0.08046875
1 0.55 0.496875 0.06484375 0.07890625
1 0.584375 0.49453125 0.01953125 0.05859375
1 0.0421875 0.5859375 0.084375 0.10859375
1 0.8875 0.51484375 0.2234375 0.16796875