1 0.4703125 0.6234375 0.01328125 0.02109375
1 0.428125 0.63203125 0.01953125 0.03359375
1 0.625 0.63515625 0.03515625 0.05
1 0.31875 0.64921875 0.028125 0.05
1 0.44453125 0.6359375 0.01953125 0.03046875
1 0.35 0.65078125 0.05078125 0.0609375
1 0.6625 0.6390625 0.05078125 0.05390625
1 0.275 0.64921875 0.04453125 0.075
0 0.16640625 0.66484375 0.01875 0.075
0 0.146875 0.671875 0.02109375 0.078125
0 0.0671875 0.6640625 0.01328125 0.07109375
1 0.934375 0.653125 0.1296875 0.19609375
1 0.4703125 0.6390625 0.02421875 0.034375