1 0.6015625 0.815625 0.0828125 0.1515625
0 0.79453125 0.8046875 0.01171875 0.05
0 0.8109375 0.8125 0.01171875 0.065625
0 0.78828125 0.80703125 0.0109375 0.05390625
0 0.8203125 0.809375 0.01328125 0.065625
1 0.91015625 0.8703125 0.178125 0.25703125
1 0.41875 0.8703125 0.13984375 0.19453125
1 0.50703125 0.81171875 0.06015625 0.08203125
1 0.4703125 0.78984375 0.0359375 0.05703125
1 0.671875 0.8109375 0.05625 0.1109375
1 0.74296875 0.81640625 0.0859375 0.1140625
1 0.5515625 0.7875 0.0171875 0.040625
1 0.3609375 0.796875 0.04140625 0.065625