1 0.3890625 0.45703125 0.028125 0.03203125
1 0.41953125 0.446875 0.03046875 0.053125
1 0.45625 0.4578125 0.021875 0.0390625
1 0.4921875 0.4609375 0.0359375 0.07109375
1 0.55 0.4703125 0.02421875 0.05546875
1 0.575 0.465625 0.0390625 0.078125
1 0.6 0.465625 0.0578125 0.0875
1 0.659375 0.4640625 0.10625 0.12109375
1 0.721875 0.50234375 0.109375 0.13359375
1 0.8828125 0.52109375 0.23203125 0.178125
1 0.01875 0.44375 0.03515625 0.05546875
1 0.1125 0.453125 0.0421875 0.03359375
1 0.1484375 0.44609375 0.03984375 0.028125
1 0.18984375 0.44375 0.02890625 0.03046875