1 0.2265625 0.67890625 0.1046875 0.19609375
1 0.3703125 0.609375 0.0171875 0.03046875
1 0.10234375 0.61640625 0.2046875 0.7640625
1 0.34609375 0.603125 0.01953125 0.0375
1 0.36015625 0.6015625 0.0125 0.02890625
0 0.3890625 0.609375 0.0125 0.03359375
0 0.3953125 0.59765625 0.00703125 0.021875
0 0.4453125 0.6 0.01015625 0.0234375
0 0.45078125 0.6 0.00859375 0.03359375
0 0.4546875 0.59609375 0.009375 0.025
0 0.46015625 0.60390625 0.01171875 0.04609375
0 0.46875 0.60625 0.01171875 0.05546875
0 0.4796875 0.603125 0.0140625 0.05
0 0.484375 0.58828125 0.00546875 0.01640625
0 0.490625 0.603125 0.015625 0.0515625
0 0.5015625 0.59296875 0.01328125 0.040625
1 0.33828125 0.60234375 0.0078125 0.03046875
0 0.434375 0.59921875 0.01171875 0.015625
0 0.6609375 0.6015625 0.0265625 0.1265625
0 0.7109375 0.63359375 0.0328125 0.1734375
0 0.7421875 0.61796875 0.02890625 0.1265625
0 0.7859375 0.61328125 0.04296875 0.153125
0 0.878125 0.640625 0.0328125 0.19140625
0 0.82734375 0.64375 0.046875 0.18359375
0 0.90625 0.65625 0.06015625 0.259375
0 0.9734375 0.65 0.05078125 0.2859375
1 0.57421875 0.68203125 0.196875 0.2140625