1 0.4296875 0.37734375 0.0171875 0.01953125
1 0.4140625 0.3859375 0.025 0.034375
1 0.3984375 0.3953125 0.01875 0.0265625
1 0.45390625 0.38125 0.025 0.025
0 0.33984375 0.3796875 0.01015625 0.034375
1 0.3328125 0.421875 0.03984375 0.06640625
1 0.290625 0.43515625 0.0515625 0.0765625
1 0.2046875 0.4328125 0.0671875 0.071875
0 0.32109375 0.440625 0.0203125 0.0859375
1 0.51015625 0.37578125 0.01171875 0.0265625
1 0.553125 0.43046875 0.0296875 0.046875
1 0.9453125 0.4890625 0.1078125 0.103125
1 0.95546875 0.52421875 0.08515625 0.0875
1 0.521875 0.39296875 0.03203125 0.040625
1 0.4984375 0.496875 0.103125 0.175
1 0.74140625 0.528125 0.253125 0.30546875
1 0.490625 0.384375 0.021875 0.03046875