1 0.32890625 0.40703125 0.021875 0.0390625
1 0.30546875 0.4140625 0.0328125 0.053125
1 0.4828125 0.39609375 0.03515625 0.0359375
1 0.26953125 0.42109375 0.04296875 0.06953125
1 0.9578125 0.46171875 0.08359375 0.1140625
0 0.1734375 0.41015625 0.0140625 0.0640625
0 0.1609375 0.41328125 0.01171875 0.06796875
0 0.1390625 0.41484375 0.025 0.09140625
1 0.0203125 0.40703125 0.03828125 0.06640625
1 0.21640625 0.42578125 0.06875 0.103125
1 0.490625 0.4265625 0.04609375 0.06640625
1 0.76875 0.46875 0.3375 0.36796875
1 0.021875 0.46796875 0.04296875 0.09140625
1 0.425 0.45390625 0.115625 0.1609375