1 0.58203125 0.3640625 0.0109375 0.0375
1 0.60703125 0.365625 0.0296875 0.0484375
1 0.6390625 0.378125 0.028125 0.06796875
1 0.67890625 0.378125 0.0671875 0.1125
1 0.7734375 0.390625 0.16328125 0.1875
1 0.5234375 0.371875 0.0125 0.021875
1 0.515625 0.36875 0.0109375 0.02109375
1 0.50546875 0.371875 0.009375 0.01953125
1 0.4984375 0.371875 0.01171875 0.021875
1 0.4875 0.37421875 0.0109375 0.028125
1 0.4640625 0.3828125 0.0328125 0.0375
1 0.4 0.39609375 0.05390625 0.07109375
1 0.2109375 0.396875 0.109375 0.075
1 0.3265625 0.384375 0.10234375 0.1625