1 0.95625 0.70390625 0.08359375 0.1890625
1 0.7671875 0.65703125 0.11171875 0.10703125
1 0.6765625 0.6359375 0.065625 0.07890625
1 0.63125 0.625 0.0546875 0.0640625
1 0.596875 0.6203125 0.01484375 0.04140625
1 0.5875 0.62265625 0.01171875 0.03359375
1 0.36328125 0.621875 0.04609375 0.040625
1 0.3921875 0.621875 0.015625 0.028125
1 0.40546875 0.61796875 0.015625 0.021875
1 0.421875 0.615625 0.01328125 0.0234375
1 0.5765625 0.61171875 0.0171875 0.02109375
1 0.475 0.609375 0.01875 0.0265625
1 0.528125 0.6046875 0.0234375 0.02109375
1 0.0421875 0.60234375 0.0828125 0.0984375