1 0.4234375 0.4625 0.02109375 0.0375
1 0.409375 0.4640625 0.021875 0.04453125
1 0.384375 0.4609375 0.0421875 0.065625
1 0.3765625 0.4734375 0.03828125 0.07109375
1 0.3453125 0.48359375 0.05390625 0.09453125
1 0.290625 0.496875 0.09921875 0.1359375
1 0.140625 0.5375 0.28125 0.35
1 0.4890625 0.45390625 0.0109375 0.01640625
1 0.5015625 0.45234375 0.02109375 0.0375
1 0.5109375 0.459375 0.01953125 0.04609375
1 0.5265625 0.4578125 0.03203125 0.0625
1 0.68046875 0.503125 0.15 0.1984375
1 0.8453125 0.54453125 0.3078125 0.334375
1 0.4421875 0.4515625 0.01484375 0.01640625
1 0.465625 0.45 0.01171875 0.0140625
1 0.478125 0.4515625 0.009375 0.0125
1 0.4515625 0.4484375 0.009375 0.0125
1 0.559375 0.47734375 0.06953125 0.08203125