1 0.4328125 0.578125 0.0234375 0.0515625
1 0.453125 0.5875 0.0234375 0.075
1 0.37578125 0.57890625 0.0859375 0.13046875
1 0.3078125 0.5921875 0.05859375 0.084375
1 0.2640625 0.5828125 0.03125 0.04609375
1 0.23359375 0.584375 0.0453125 0.06796875
1 0.15625 0.59609375 0.06015625 0.06796875
1 0.01875 0.61484375 0.0375 0.13046875
1 0.6140625 0.5859375 0.07890625 0.140625
1 0.678125 0.590625 0.03828125 0.07109375
1 0.72734375 0.5984375 0.0734375 0.078125
1 0.853125 0.61484375 0.19375 0.18203125
1 0.96171875 0.615625 0.0734375 0.14140625
1 0.515625 0.571875 0.12734375 0.2109375
0 0.6625 0.5875 0.01875 0.0875