1 0.1109375 0.528125 0.0875 0.08046875
1 0.2796875 0.52265625 0.121875 0.15390625
1 0.41484375 0.5171875 0.11328125 0.19140625
1 0.9265625 0.6078125 0.14375 0.27890625
1 0.81875 0.553125 0.20703125 0.1765625
1 0.50234375 0.48828125 0.01875 0.028125
1 0.21171875 0.51640625 0.03671875 0.090625
1 0.165625 0.5234375 0.0453125 0.0640625
1 0.18671875 0.496875 0.021875 0.0390625
1 0.3453125 0.50390625 0.0203125 0.04609375
1 0.47890625 0.490625 0.01875 0.03046875
1 0.6375 0.49453125 0.02890625 0.0234375
0 0.6828125 0.4875 0.01484375 0.0765625
0 0.6640625 0.49140625 0.01328125 0.075
0 0.67421875 0.4890625 0.0109375 0.0765625
0 0.040625 0.52265625 0.01640625 0.09140625