0 0.7671875 0.61796875 0.02421875 0.10546875
1 0.4875 0.590625 0.01015625 0.01640625
1 0.4765625 0.5875 0.0125 0.01796875
1 0.4671875 0.58984375 0.0125 0.01796875
1 0.46328125 0.58984375 0.00859375 0.01796875
1 0.45859375 0.58984375 0.009375 0.01796875
1 0.453125 0.590625 0.01015625 0.0234375
1 0.44375 0.5953125 0.01328125 0.0359375
1 0.4984375 0.5890625 0.0125 0.02109375
1 0.50859375 0.5875 0.0125 0.021875
1 0.5265625 0.58671875 0.0296875 0.04609375
1 0.53984375 0.5984375 0.040625 0.05859375
1 0.565625 0.615625 0.046875 0.078125
1 0.60234375 0.6234375 0.0703125 0.09609375
1 0.434375 0.59453125 0.02265625 0.0609375
1 0.421875 0.596875 0.0296875 0.0625
1 0.41484375 0.6015625 0.0375 0.078125
1 0.384375 0.61484375 0.0609375 0.0984375
1 0.0234375 0.6203125 0.0453125 0.13046875