1 0.93125 0.471875 0.1375 0.11796875
1 0.434375 0.47578125 0.01328125 0.021875
1 0.45 0.47578125 0.01171875 0.0265625
1 0.4625 0.47421875 0.00859375 0.02890625
1 0.47421875 0.47734375 0.0125 0.03046875
1 0.48359375 0.48046875 0.01171875 0.04453125
1 0.4109375 0.47109375 0.0125 0.01953125
1 0.3953125 0.478125 0.01015625 0.01796875
1 0.5 0.4828125 0.03671875 0.046875
0 0.365625 0.515625 0.02890625 0.103125
0 0.2796875 0.52890625 0.03828125 0.12109375
1 0.3328125 0.51796875 0.0390625 0.0734375
1 0.2921875 0.515625 0.02265625 0.0625
1 0.2375 0.53359375 0.06875 0.08203125
1 0.1796875 0.54375 0.07265625 0.084375