1 0.4140625 0.359375 0.015625 0.01640625
1 0.37421875 0.359375 0.009375 0.0109375
1 0.3625 0.3609375 0.0140625 0.01953125
1 0.35 0.359375 0.0109375 0.01640625
1 0.3375 0.359375 0.01171875 0.01640625
1 0.32578125 0.359375 0.01328125 0.02109375
1 0.31328125 0.359375 0.0140625 0.025
1 0.3 0.3578125 0.01796875 0.03359375
1 0.284375 0.3609375 0.01796875 0.040625
1 0.44609375 0.3609375 0.01171875 0.01953125
1 0.4515625 0.36953125 0.0140625 0.028125
1 0.465625 0.371875 0.0140625 0.028125
1 0.475 0.375 0.02265625 0.0390625
1 0.4890625 0.38203125 0.0265625 0.040625
1 0.390625 0.359375 0.01640625 0.02109375
1 0.25625 0.365625 0.05234375 0.05546875
1 0.43046875 0.37578125 0.02890625 0.04453125
1 0.509375 0.390625 0.0359375 0.04453125
1 0.60625 0.42734375 0.08828125 0.11640625
1 0.71875 0.44140625 0.19375 0.1890625
1 0.87734375 0.521875 0.24140625 0.29296875