1 0.4578125 0.3421875 0.01484375 0.01953125
1 0.40078125 0.3421875 0.01875 0.01953125
1 0.38125 0.34609375 0.0234375 0.0265625
1 0.3578125 0.35390625 0.0171875 0.0234375
1 0.3484375 0.375 0.034375 0.046875
1 0.321875 0.38828125 0.0421875 0.05859375
1 0.2875 0.38046875 0.0265625 0.04453125
1 0.2609375 0.3734375 0.03203125 0.03046875
1 0.225 0.39140625 0.04375 0.0515625
1 0.25859375 0.39609375 0.0578125 0.05703125
1 0.48125 0.34453125 0.0109375 0.028125
1 0.4890625 0.34453125 0.01171875 0.0234375
1 0.5015625 0.365625 0.02890625 0.0375