1 0.3515625 0.65859375 0.02265625 0.0125
1 0.3734375 0.67578125 0.01640625 0.021875
1 0.3578125 0.7125 0.0328125 0.0859375
1 0.5453125 0.684375 0.05078125 0.1140625
1 0.1515625 0.65625 0.0734375 0.08046875
1 0.1875 0.6984375 0.05078125 0.134375
1 0.1078125 0.71953125 0.11328125 0.1625
1 0.071875 0.8171875 0.1390625 0.3625
1 0.275 0.7265625 0.1484375 0.225
1 0.76171875 0.703125 0.225 0.221875
1 0.903125 0.62578125 0.03828125 0.0375
1 0.93046875 0.62890625 0.03046875 0.04453125
1 0.959375 0.63046875 0.03515625 0.0375
1 0.984375 0.6265625 0.028125 0.0359375
0 0.10625 0.621875 0.021875 0.0390625