0 0.93125 0.35390625 0.01171875 0.07109375
0 0.8796875 0.3953125 0.0171875 0.115625
0 0.8578125 0.35234375 0.0171875 0.0515625
0 0.8359375 0.38984375 0.01953125 0.1125
0 0.846875 0.4046875 0.015625 0.109375
0 0.8265625 0.396875 0.01875 0.10859375
0 0.75703125 0.3984375 0.01875 0.0984375
0 0.73984375 0.38828125 0.01875 0.071875
0 0.7234375 0.3859375 0.0109375 0.0484375
0 0.7140625 0.396875 0.01484375 0.11640625
0 0.7328125 0.40859375 0.01875 0.10859375
0 0.7703125 0.41171875 0.02890625 0.12890625
0 0.80625 0.40859375 0.02890625 0.13046875
0 0.86484375 0.41875 0.03671875 0.15703125
0 0.909375 0.41171875 0.0421875 0.17109375
1 0.4484375 0.42890625 0.0296875 0.09453125
1 0.58515625 0.421875 0.26171875 0.5125
1 0.03828125 0.4390625 0.0765625 0.121875
1 0.1859375 0.5484375 0.371875 0.4125