1 0.45 0.5640625 0.01953125 0.021875
1 0.384375 0.565625 0.01953125 0.0234375
1 0.371875 0.56640625 0.01640625 0.034375
1 0.3578125 0.571875 0.02421875 0.03203125
1 0.1359375 0.578125 0.08359375 0.0640625
1 0.06171875 0.62265625 0.1234375 0.1375
1 0.24453125 0.6390625 0.240625 0.21953125
1 0.4203125 0.57734375 0.04921875 0.05703125
1 0.51796875 0.57578125 0.028125 0.06796875
1 0.5546875 0.5796875 0.0609375 0.10390625
1 0.62265625 0.62109375 0.13359375 0.1875
1 0.7390625 0.69140625 0.2640625 0.34140625
1 0.865625 0.66875 0.2671875 0.65703125
1 0.5078125 0.571875 0.015625 0.053125
1 0.50625 0.5609375 0.02890625 0.05390625
1 0.48984375 0.5625 0.00625 0.025
1 0.48828125 0.55703125 0.0125 0.03203125