1 0.37109375 0.50625 0.01484375 0.015625
1 0.35546875 0.509375 0.0140625 0.021875
1 0.33828125 0.51328125 0.02109375 0.025
1 0.3015625 0.521875 0.025 0.04140625
1 0.2640625 0.52109375 0.02265625 0.03359375
1 0.3921875 0.4984375 0.01640625 0.01796875
1 0.41171875 0.50546875 0.01328125 0.015625
1 0.1953125 0.54296875 0.065625 0.078125
1 0.47109375 0.50859375 0.03125 0.04609375
1 0.95 0.4890625 0.0984375 0.1265625
1 0.4515625 0.5078125 0.00703125 0.028125
1 0.446875 0.5046875 0.009375 0.0265625
1 0.31875 0.5171875 0.01796875 0.0265625