0 0.4875 0.60234375 0.00625 0.03359375
1 0.2765625 0.615625 0.05625 0.084375
1 0.240625 0.59609375 0.0265625 0.021875
1 0.1859375 0.60078125 0.0234375 0.009375
1 0.146875 0.5953125 0.0375 0.0125
1 0.5140625 0.60390625 0.025 0.03359375
1 0.5390625 0.60703125 0.028125 0.0640625
1 0.56875 0.609375 0.05546875 0.08046875
1 0.6453125 0.6203125 0.12265625 0.16796875
1 0.7296875 0.659375 0.1640625 0.19296875
1 0.87890625 0.7078125 0.240625 0.421875
1 0.45703125 0.6203125 0.0515625 0.11953125
1 0.3734375 0.671875 0.1875 0.2390625