1 0.4609375 0.41171875 0.0703125 0.09140625
1 0.528125 0.44140625 0.0703125 0.10703125
1 0.3125 0.4015625 0.01484375 0.0109375
1 0.371875 0.40390625 0.0171875 0.03046875
1 0.2421875 0.409375 0.01796875 0.0125
1 0.2890625 0.4078125 0.01796875 0.021875
1 0.26953125 0.4078125 0.021875 0.0234375
1 0.3421875 0.40234375 0.0484375 0.071875
1 0.6625 0.440625 0.23828125 0.2359375
1 0.928125 0.565625 0.14296875 0.29609375
1 0.4171875 0.41171875 0.015625 0.04296875
1 0.40625 0.41015625 0.01328125 0.03203125