0 0.609375 0.57734375 0.009375 0.04609375
0 0.5984375 0.575 0.00859375 0.05
0 0.5859375 0.575 0.01015625 0.05859375
1 0.4921875 0.55390625 0.0171875 0.0265625
1 0.50859375 0.553125 0.02265625 0.02890625
1 0.4234375 0.575 0.01796875 0.03359375
1 0.409375 0.59296875 0.03046875 0.05859375
1 0.39375 0.6046875 0.03515625 0.075
1 0.3578125 0.60859375 0.05859375 0.0984375
1 0.3046875 0.61953125 0.09609375 0.13046875
1 0.22421875 0.6515625 0.14375 0.17109375
1 0.1015625 0.703125 0.203125 0.30546875
1 0.53125 0.5828125 0.05703125 0.0859375
1 0.46875 0.63359375 0.1265625 0.2265625
0 0.665625 0.5609375 0.01796875 0.04609375
1 0.65 0.63203125 0.04765625 0.10859375
1 0.821875 0.646875 0.35234375 0.3859375