1 0.34140625 0.15546875 0.02890625 0.04140625
1 0.371875 0.1421875 0.015625 0.0140625
1 0.38046875 0.16484375 0.028125 0.03359375
1 0.4 0.1578125 0.01484375 0.0234375
1 0.4203125 0.17578125 0.04140625 0.0484375
1 0.4671875 0.1796875 0.02890625 0.03203125
0 0.4875 0.17421875 0.009375 0.0265625
0 0.5828125 0.19375 0.00625 0.0390625
0 0.590625 0.2109375 0.01484375 0.0734375
0 0.64453125 0.2046875 0.0078125 0.0484375
0 0.6671875 0.215625 0.01640625 0.065625
0 0.696875 0.21015625 0.01328125 0.028125
0 0.73125 0.20703125 0.0109375 0.021875
1 0.52578125 0.20859375 0.0875 0.115625
1 0.71171875 0.2453125 0.0734375 0.05859375
1 0.83203125 0.34453125 0.33515625 0.25546875
1 0.2765625 0.14609375 0.01171875 0.0265625
0 0.6546875 0.20703125 0.009375 0.065625
1 0.2609375 0.1546875 0.01953125 0.0234375
1 0.3125 0.14453125 0.01171875 0.0234375
1 0.3234375 0.153125 0.0125 0.03359375
1 0.30625 0.121875 0.0328125 0.0265625