1 0.4984375 0.4171875 0.01328125 0.02109375
1 0.240625 0.4421875 0.03359375 0.05703125
1 0.1984375 0.44453125 0.0703125 0.0890625
1 0.140625 0.46015625 0.08984375 0.08203125
1 0.309375 0.440625 0.0796875 0.06953125
1 0.521875 0.42265625 0.01796875 0.0265625
1 0.5734375 0.428125 0.05625 0.07890625
1 0.69765625 0.42578125 0.015625 0.01640625
1 0.0765625 0.46484375 0.0515625 0.07109375
1 0.4203125 0.421875 0.11015625 0.040625
1 0.509375 0.41171875 0.0078125 0.0140625
1 0.534375 0.40546875 0.015625 0.0140625