1 0.40625 0.34140625 0.0078125 0.015625
1 0.1171875 0.34921875 0.06953125 0.0640625
1 0.0421875 0.35546875 0.08359375 0.1
1 0.2125 0.3484375 0.103125 0.07109375
1 0.29296875 0.37578125 0.0875 0.09453125
1 0.42734375 0.3546875 0.03984375 0.040625
1 0.4625 0.34375 0.02890625 0.02109375
1 0.4984375 0.3578125 0.04140625 0.06953125
1 0.5625 0.3953125 0.05859375 0.1
1 0.60703125 0.409375 0.1015625 0.121875
1 0.09140625 0.3734375 0.0140625 0.02890625
1 0.45 0.4390625 0.1171875 0.15859375
1 0.340625 0.340625 0.03046875 0.040625
1 0.37265625 0.3375 0.0109375 0.0140625