1 0.4640625 0.47265625 0.01640625 0.0265625
1 0.2796875 0.46875 0.0296875 0.01640625
1 0.253125 0.4953125 0.071875 0.046875
1 0.24296875 0.5046875 0.071875 0.0609375
1 0.4875 0.4765625 0.02734375 0.0484375
1 0.5046875 0.48515625 0.03515625 0.0609375
1 0.52734375 0.48359375 0.03203125 0.090625
1 0.4328125 0.46953125 0.00859375 0.009375
1 0.559375 0.48515625 0.0671875 0.1015625
1 0.1671875 0.51484375 0.1734375 0.10859375
1 0.325 0.48671875 0.06953125 0.04453125
1 0.91875 0.5671875 0.1609375 0.340625
1 0.034375 0.53046875 0.06796875 0.1125
1 0.40703125 0.47265625 0.03671875 0.03359375
1 0.29609375 0.503125 0.0109375 0.021875
1 0.3 0.49609375 0.01796875 0.03359375
1 0.228125 0.465625 0.0546875 0.01796875
1 0.4515625 0.46875 0.0140625 0.02109375
1 0.440625 0.4671875 0.00546875 0.009375