1 0.1296875 0.4421875 0.07109375 0.0734375
1 0.05078125 0.421875 0.09765625 0.071875
1 0.3921875 0.41640625 0.02265625 0.0265625
1 0.4515625 0.4125 0.09921875 0.2140625
1 0.53046875 0.40390625 0.01796875 0.0125
1 0.609375 0.453125 0.07734375 0.134375
1 0.76875 0.50078125 0.25 0.26796875
1 0.94296875 0.521875 0.11015625 0.184375
1 0.52890625 0.571875 0.23671875 0.34140625
0 0.87734375 0.43125 0.025 0.0640625
0 0.9015625 0.4328125 0.025 0.065625
0 0.9109375 0.4125 0.01640625 0.04296875
0 0.2578125 0.428125 0.01796875 0.08203125
0 0.2203125 0.42421875 0.02109375 0.078125
0 0.3375 0.434375 0.03046875 0.153125
0 0.315625 0.43515625 0.03515625 0.1609375
0 0.84609375 0.4015625 0.015625 0.025
1 0.50625 0.38828125 0.01796875 0.0390625