1 0.128125 0.36015625 0.06953125 0.053125
1 0.18125 0.378125 0.04140625 0.0390625
0 0.23515625 0.384375 0.01328125 0.04140625
0 0.2421875 0.3859375 0.0109375 0.0484375
1 0.3296875 0.415625 0.02734375 0.03359375
1 0.3546875 0.41796875 0.02421875 0.03203125
1 0.36171875 0.4046875 0.015625 0.009375
1 0.37578125 0.4234375 0.025 0.028125
1 0.3921875 0.428125 0.0125 0.02890625
1 0.43828125 0.446875 0.084375 0.153125
1 0.49140625 0.45234375 0.01640625 0.0234375
1 0.5125 0.4671875 0.03828125 0.0609375
1 0.5640625 0.4984375 0.1046875 0.146875
1 0.6796875 0.5796875 0.22734375 0.290625
1 0.825 0.55625 0.12421875 0.11640625
1 0.8796875 0.71640625 0.23828125 0.55859375
1 0.5203125 0.4765625 0.02265625 0.06796875
1 0.48359375 0.44609375 0.01328125 0.0234375
1 0.128125 0.3578125 0.08203125 0.065625