1 0.39609375 0.6640625 0.00703125 0.028125
1 0.45 0.6640625 0.0140625 0.0390625
1 0.45859375 0.67265625 0.01875 0.04296875
1 0.47890625 0.678125 0.03203125 0.04453125
1 0.4953125 0.6859375 0.0171875 0.059375
1 0.51796875 0.6796875 0.0375 0.090625
1 0.378125 0.66328125 0.015625 0.01640625
1 0.35625 0.66640625 0.02890625 0.04609375
1 0.3453125 0.6953125 0.0421875 0.04140625
1 0.2 0.7140625 0.24453125 0.29453125
1 0.41796875 0.68125 0.05234375 0.078125
1 0.584375 0.696875 0.13046875 0.159375
1 0.803125 0.81015625 0.29140625 0.3765625
1 0.9328125 0.8671875 0.1296875 0.2640625
0 0.684375 0.6671875 0.01640625 0.078125