1 0.4234375 0.503125 0.0109375 0.015625
1 0.409375 0.503125 0.0109375 0.01640625
1 0.3984375 0.50703125 0.0109375 0.0265625
1 0.384375 0.50859375 0.02734375 0.04140625
1 0.3453125 0.51484375 0.0234375 0.05390625
1 0.3265625 0.521875 0.03359375 0.05546875
1 0.29609375 0.52578125 0.040625 0.06640625
1 0.2515625 0.54609375 0.071875 0.0765625
1 0.49140625 0.5578125 0.13671875 0.203125
1 0.5875 0.49921875 0.02578125 0.034375
1 0.71875 0.528125 0.18203125 0.215625
1 0.4328125 0.50390625 0.01171875 0.009375