1 0.365625 0.3953125 0.02734375 0.03203125
1 0.43515625 0.421875 0.05078125 0.06953125
1 0.628125 0.415625 0.0171875 0.08046875
0 0.6359375 0.39375 0.009375 0.025
0 0.659375 0.390625 0.009375 0.0234375
1 0.6796875 0.42265625 0.0625 0.07109375
1 0.7484375 0.434375 0.09609375 0.084375
1 0.2859375 0.39765625 0.05 0.0875
1 0.265625 0.4015625 0.05390625 0.103125
1 0.2171875 0.40859375 0.084375 0.121875
1 0.140625 0.4328125 0.15390625 0.15390625
1 0.5390625 0.4375 0.17421875 0.28359375
1 0.85078125 0.45546875 0.1546875 0.11953125