1 0.296875 0.44296875 0.0296875 0.0515625
1 0.32421875 0.4484375 0.025 0.034375
1 0.496875 0.440625 0.040625 0.034375
1 0.8234375 0.43359375 0.0265625 0.03359375
1 0.78125 0.45 0.034375 0.04296875
1 0.3546875 0.4484375 0.03515625 0.034375
1 0.41875 0.44765625 0.04609375 0.0359375
1 0.20703125 0.434375 0.03515625 0.03359375
1 0.4484375 0.471875 0.0703125 0.07890625
0 0.728125 0.47421875 0.025 0.14453125
0 0.528125 0.45546875 0.01484375 0.0625
0 0.659375 0.4546875 0.02109375 0.0984375
0 0.7515625 0.4765625 0.03203125 0.15546875
1 0.9015625 0.4734375 0.11640625 0.11640625
1 0.8546875 0.4328125 0.021875 0.021875
0 0.99296875 0.44765625 0.01328125 0.11953125
0 0.678125 0.453125 0.015625 0.1
1 0.96328125 0.471875 0.01015625 0.053125