1 0.1296875 0.346875 0.03984375 0.05
1 0.14765625 0.334375 0.02109375 0.03046875
1 0.103125 0.35390625 0.03984375 0.04609375
1 0.075 0.359375 0.04453125 0.0609375
1 0.371875 0.334375 0.0125 0.01796875
1 0.421875 0.328125 0.0171875 0.04296875
1 0.44375 0.31953125 0.0484375 0.05859375
1 0.47890625 0.33359375 0.0609375 0.06953125
1 0.26484375 0.33828125 0.02890625 0.0375
1 0.18203125 0.3390625 0.0421875 0.0359375
1 0.2875 0.33828125 0.02734375 0.034375
1 0.3390625 0.33359375 0.03359375 0.04609375
1 0.54609375 0.34375 0.08671875 0.090625
1 0.0328125 0.36875 0.065625 0.06640625
1 0.38125 0.33828125 0.0125 0.0140625
1 0.453125 0.328125 0.028125 0.05859375