1 0.5890625 0.528125 0.02109375 0.04296875
1 0.59453125 0.5375 0.01640625 0.05859375
1 0.603125 0.5390625 0.01875 0.06953125
1 0.621875 0.540625 0.034375 0.0765625
1 0.5578125 0.51875 0.01484375 0.0140625
1 0.47109375 0.53125 0.0140625 0.03203125
1 0.453125 0.5359375 0.0296875 0.04453125
1 0.43125 0.5421875 0.025 0.046875
1 0.4140625 0.54453125 0.0234375 0.05546875
1 0.384375 0.55390625 0.065625 0.07109375
1 0.53984375 0.53046875 0.03046875 0.046875
1 0.5046875 0.54140625 0.05546875 0.0875
1 0.75 0.63828125 0.2765625 0.365625
0 0.975 0.553125 0.046875 0.1359375
0 0.3359375 0.5421875 0.0109375 0.05390625