1 0.109375 0.65859375 0.08046875 0.07890625
0 0.00546875 0.6015625 0.0109375 0.0359375
1 0.0359375 0.659375 0.071875 0.08203125
1 0.475 0.63828125 0.01796875 0.02890625
1 0.4625 0.6375 0.009375 0.01953125
1 0.421875 0.62421875 0.015625 0.015625
1 0.43515625 0.628125 0.01171875 0.01796875
1 0.48828125 0.65 0.01796875 0.03203125
1 0.428125 0.64453125 0.01875 0.025
1 0.45 0.63125 0.01484375 0.028125
1 0.3796875 0.63203125 0.01328125 0.02109375
1 0.409375 0.628125 0.01171875 0.01640625
1 0.39375 0.61953125 0.0140625 0.0125
1 0.39375 0.64609375 0.0265625 0.04453125
1 0.33671875 0.66015625 0.08515625 0.1
0 0.50234375 0.64609375 0.00703125 0.03046875
0 0.64921875 0.665625 0.01875 0.096875
0 0.6953125 0.71015625 0.04140625 0.23203125
0 0.834375 0.75390625 0.04921875 0.3015625
0 0.903125 0.75703125 0.07265625 0.315625
0 0.01875 0.60390625 0.0109375 0.025