1 0.615625 0.3921875 0.06953125 0.084375
1 0.384375 0.40078125 0.06328125 0.07890625
1 0.41015625 0.3671875 0.04453125 0.08203125
1 0.42890625 0.365625 0.034375 0.0734375
1 0.44375 0.3578125 0.03203125 0.08046875
1 0.4625 0.3625 0.03203125 0.053125
1 0.584375 0.38125 0.0328125 0.0609375
1 0.56953125 0.37109375 0.025 0.04296875
1 0.54453125 0.35390625 0.01953125 0.0375
1 0.47734375 0.35703125 0.015625 0.04296875
1 0.5359375 0.35625 0.0109375 0.015625
1 0.49375 0.34375 0.02890625 0.040625
1 0.5578125 0.365625 0.02109375 0.0359375