1 0.459375 0.5015625 0.01328125 0.028125
1 0.43125 0.51796875 0.05390625 0.06953125
1 0.3203125 0.5515625 0.14921875 0.16953125
1 0.24375 0.546875 0.0375 0.0890625
1 0.1984375 0.5296875 0.0515625 0.0515625
1 0.578125 0.47734375 0.01875 0.0375
1 0.6171875 0.471875 0.02109375 0.028125
1 0.65390625 0.471875 0.0234375 0.02109375
1 0.6734375 0.46796875 0.02421875 0.028125
1 0.6921875 0.465625 0.0140625 0.01796875
1 0.76875 0.453125 0.04375 0.021875
1 0.525 0.56796875 0.15546875 0.21953125
1 0.0265625 0.55234375 0.0515625 0.05
1 0.3953125 0.5046875 0.0375 0.05390625
1 0.6359375 0.46640625 0.021875 0.0359375
1 0.5953125 0.4359375 0.04453125 0.01953125