1 0.43046875 0.509375 0.01171875 0.01640625
1 0.4171875 0.509375 0.0140625 0.02109375
1 0.4046875 0.50859375 0.009375 0.028125
1 0.3671875 0.51328125 0.0421875 0.0375
1 0.4796875 0.5046875 0.0078125 0.01953125
1 0.4953125 0.496875 0.0234375 0.040625
1 0.1671875 0.5328125 0.11484375 0.1375
1 0.0625 0.571875 0.12421875 0.17109375
1 0.8546875 0.5796875 0.28671875 0.35546875
1 0.32578125 0.51796875 0.0390625 0.04296875
1 0.45625 0.49609375 0.040625 0.07109375
1 0.521875 0.49921875 0.03828125 0.05390625
0 0.6296875 0.50703125 0.02265625 0.1