1 0.5484375 0.62109375 0.0171875 0.015625
1 0.53515625 0.621875 0.01328125 0.0265625
1 0.528125 0.6234375 0.0125 0.0234375
1 0.51875 0.62421875 0.0140625 0.034375
1 0.4984375 0.62890625 0.03359375 0.053125
1 0.575 0.61953125 0.0328125 0.0234375
1 0.621875 0.615625 0.0125 0.02890625
1 0.40078125 0.64375 0.08046875 0.11953125
1 0.80390625 0.64921875 0.09453125 0.178125
1 0.640625 0.615625 0.02890625 0.034375
1 0.4671875 0.63359375 0.046875 0.05390625
1 0.3265625 0.67890625 0.13515625 0.12890625
1 0.13046875 0.72578125 0.2546875 0.23203125
1 0.90625 0.66015625 0.18359375 0.25390625