1 0.29375 0.43359375 0.01953125 0.034375
1 0.30625 0.43828125 0.021875 0.053125
1 0.334375 0.440625 0.02421875 0.07890625
1 0.396875 0.42890625 0.11171875 0.1765625
1 0.459375 0.4734375 0.1203125 0.240625
1 0.75 0.37109375 0.5 0.6609375
1 0.0140625 0.44765625 0.028125 0.02890625
1 0.06015625 0.44765625 0.0609375 0.034375
1 0.159375 0.43671875 0.021875 0.015625
1 0.2046875 0.4375 0.0125 0.0140625
1 0.2609375 0.43046875 0.01015625 0.0125
1 0.221875 0.43984375 0.01796875 0.03203125
1 0.321875 0.4359375 0.02578125 0.05859375
1 0.28671875 0.428125 0.0125 0.021875