1 0.0390625 0.690625 0.0765625 0.07890625
1 0.203125 0.65 0.06484375 0.071875
1 0.3984375 0.578125 0.021875 0.025
1 0.459375 0.565625 0.0171875 0.01640625
1 0.490625 0.55546875 0.02421875 0.02109375
1 0.5484375 0.54453125 0.0328125 0.02890625
1 0.5859375 0.53828125 0.04765625 0.04140625
1 0.63203125 0.52734375 0.04609375 0.059375
1 0.675 0.5296875 0.03125 0.05390625
1 0.71875 0.50546875 0.0484375 0.065625
1 0.77890625 0.503125 0.0671875 0.0765625
1 0.8703125 0.50078125 0.06015625 0.07890625
1 0.0109375 0.82890625 0.021875 0.1890625