1 0.30625 0.5234375 0.00859375 0.01796875
1 0.2953125 0.525 0.0140625 0.02109375
1 0.28125 0.53046875 0.0125 0.015625
1 0.2625 0.52734375 0.0265625 0.03046875
1 0.23515625 0.525 0.02578125 0.03359375
1 0.2171875 0.534375 0.03359375 0.0375
1 0.18046875 0.54296875 0.040625 0.04453125
1 0.125 0.5328125 0.0734375 0.09296875
1 0.021875 0.54609375 0.04375 0.1078125
1 0.340625 0.525 0.0203125 0.0234375
1 0.40625 0.51640625 0.009375 0.02109375
1 0.415625 0.5203125 0.0125 0.021875
1 0.4265625 0.52109375 0.0171875 0.02890625
1 0.4421875 0.521875 0.00859375 0.02890625
1 0.4484375 0.521875 0.01640625 0.034375
1 0.46328125 0.521875 0.025 0.0390625
1 0.46796875 0.528125 0.0125 0.0375
1 0.4921875 0.52890625 0.05 0.05
1 0.66640625 0.55625 0.1328125 0.14609375
1 0.8015625 0.57734375 0.2234375 0.2125
1 0.93359375 0.65 0.1328125 0.221875
1 0.38125 0.51796875 0.01328125 0.02109375
1 0.55703125 0.51875 0.0109375 0.021875
1 0.3265625 0.51953125 0.00546875 0.009375