1 0.4671875 0.40859375 0.0125 0.01953125
1 0.45 0.41484375 0.01796875 0.021875
1 0.4828125 0.40625 0.01015625 0.009375
1 0.59375 0.41796875 0.04765625 0.059375
1 0.5265625 0.46640625 0.1015625 0.159375
1 0.67421875 0.4484375 0.07265625 0.065625
1 0.7203125 0.459375 0.05625 0.071875
1 0.77109375 0.48359375 0.09453125 0.121875
1 0.8296875 0.41328125 0.07109375 0.025
1 0.86640625 0.49921875 0.1703125 0.1734375
1 0.9375 0.41484375 0.07265625 0.021875
1 0.94296875 0.5125 0.1140625 0.20625
1 0.4078125 0.428125 0.05078125 0.046875
0 0.3546875 0.4359375 0.015625 0.06953125
0 0.71171875 0.45078125 0.021875 0.1