1 0.478125 0.47109375 0.015625 0.028125
1 0.4984375 0.47578125 0.03203125 0.04296875
1 0.6046875 0.48984375 0.071875 0.1140625
1 0.67890625 0.5078125 0.14140625 0.19609375
1 0.26875 0.4796875 0.03671875 0.078125
1 0.215625 0.48515625 0.084375 0.11953125
1 0.1421875 0.5109375 0.09453125 0.1
1 0.4375 0.46640625 0.01484375 0.01953125
1 0.4078125 0.46875 0.025 0.03046875
1 0.3578125 0.47421875 0.06171875 0.0765625
1 0.534375 0.48359375 0.05078125 0.05390625
1 0.84453125 0.525 0.3109375 0.340625
1 0.46640625 0.4703125 0.009375 0.0140625
1 0.05 0.5140625 0.1 0.1234375