0 0.68125 0.4734375 0.0171875 0.0765625
0 0.8765625 0.55625 0.034375 0.15390625
0 0.9390625 0.5546875 0.03671875 0.17109375
0 0.7078125 0.465625 0.0125 0.0375
0 0.71875 0.46484375 0.015625 0.03359375
1 0.36484375 0.478125 0.03515625 0.04453125
1 0.46484375 0.4875 0.021875 0.02890625
1 0.4875 0.490625 0.02734375 0.03203125
1 0.2859375 0.48359375 0.065625 0.065625
1 0.534375 0.49375 0.0359375 0.04296875
1 0.5875 0.4859375 0.059375 0.0609375
1 0.5125 0.48984375 0.021875 0.04140625
1 0.95 0.5015625 0.1 0.1
1 0.08671875 0.4796875 0.1734375 0.1
1 0.11484375 0.61640625 0.2296875 0.2859375
1 0.3890625 0.73046875 0.3375 0.45546875