1 0.61875 0.41796875 0.01171875 0.0125
1 0.59375 0.428125 0.0234375 0.028125
1 0.596875 0.4640625 0.040625 0.0609375
1 0.6578125 0.41953125 0.01796875 0.0234375
1 0.6390625 0.43125 0.02109375 0.028125
1 0.50390625 0.428125 0.02109375 0.028125
1 0.4734375 0.4328125 0.028125 0.025
1 0.384375 0.446875 0.01640625 0.03046875
1 0.3453125 0.4453125 0.03125 0.025
1 0.25 0.440625 0.03828125 0.03359375
1 0.0703125 0.471875 0.140625 0.121875
1 0.440625 0.440625 0.02265625 0.0265625
1 0.17109375 0.4296875 0.034375 0.03046875
1 0.79140625 0.4875 0.12890625 0.14609375
1 0.66875 0.50234375 0.11328125 0.1390625
1 0.57109375 0.43203125 0.01953125 0.03359375
1 0.409375 0.44375 0.034375 0.04609375