1 0.49296875 0.49921875 0.0140625 0.04453125
1 0.5078125 0.50390625 0.0296875 0.0875
1 0.5359375 0.515625 0.05234375 0.1
1 0.5484375 0.53203125 0.065625 0.128125
1 0.41953125 0.50234375 0.01875 0.0390625
1 0.39375 0.5078125 0.02734375 0.05390625
1 0.375 0.5109375 0.04609375 0.065625
1 0.3328125 0.5390625 0.07109375 0.078125
1 0.2421875 0.5625 0.1546875 0.18359375
1 0.4390625 0.49765625 0.0140625 0.01640625
1 0.4578125 0.49609375 0.02890625 0.04609375
1 0.6078125 0.575 0.16171875 0.20390625
1 0.08359375 0.64140625 0.1671875 0.2484375
1 0.4078125 0.50234375 0.01875 0.05