1 0.5234375 0.36796875 0.0375 0.04453125
1 0.4890625 0.36484375 0.034375 0.053125
1 0.403125 0.3484375 0.02734375 0.0390625
1 0.353125 0.340625 0.03359375 0.05
1 0.2359375 0.3359375 0.03046875 0.05390625
1 0.14375 0.284375 0.07890625 0.05859375
1 0.065625 0.315625 0.13125 0.128125
1 0.27578125 0.359375 0.0875 0.09453125
1 0.43828125 0.39921875 0.09765625 0.14296875
1 0.63203125 0.3390625 0.015625 0.0234375
1 0.6578125 0.34140625 0.01796875 0.01953125
1 0.678125 0.34375 0.0140625 0.021875
1 0.7375 0.36953125 0.0265625 0.03203125
1 0.2984375 0.33671875 0.06796875 0.08046875
1 0.0453125 0.375 0.08984375 0.14140625
1 0.71875 0.3640625 0.01953125 0.028125