1 0.2859375 0.5890625 0.01640625 0.025
1 0.2609375 0.59453125 0.0125 0.03359375
1 0.246875 0.590625 0.0203125 0.04453125
1 0.23125 0.59140625 0.021875 0.05546875
1 0.20390625 0.59296875 0.046875 0.0734375
1 0.1703125 0.6015625 0.04453125 0.065625
1 0.12734375 0.60859375 0.06796875 0.07890625
1 0.0546875 0.61875 0.10859375 0.1125
1 0.009375 0.659375 0.01875 0.05859375
1 0.46015625 0.60859375 0.02734375 0.05703125
1 0.4859375 0.60859375 0.05 0.06796875
1 0.49609375 0.621875 0.03359375 0.06796875
1 0.54375 0.61953125 0.08515625 0.1109375
1 0.6265625 0.6421875 0.1296875 0.15
1 0.8484375 0.728125 0.30234375 0.259375