1 0.440625 0.30859375 0.015625 0.01640625
1 0.428125 0.309375 0.009375 0.015625
1 0.41875 0.3125 0.0125 0.0265625
1 0.4078125 0.3125 0.0109375 0.0265625
1 0.396875 0.309375 0.01796875 0.01953125
1 0.38359375 0.3046875 0.0125 0.01953125
1 0.365625 0.3171875 0.0265625 0.034375
1 0.33125 0.3171875 0.02890625 0.04296875
1 0.30625 0.34296875 0.0390625 0.0515625
1 0.1265625 0.36328125 0.03671875 0.05
1 0.0796875 0.36875 0.06328125 0.05703125
1 0.0265625 0.3859375 0.05234375 0.05390625
1 0.16328125 0.375 0.03515625 0.1
1 0.2296875 0.3703125 0.13203125 0.14609375
1 0.490625 0.315625 0.01484375 0.025
1 0.503125 0.3078125 0.01484375 0.021875
1 0.51328125 0.31015625 0.0171875 0.02890625
1 0.5234375 0.3109375 0.0125 0.0234375
1 0.534375 0.31015625 0.0171875 0.025
1 0.54609375 0.31015625 0.01328125 0.0265625
1 0.56328125 0.31015625 0.0328125 0.040625
1 0.46875 0.325 0.0421875 0.06640625
1 0.671875 0.3203125 0.09140625 0.096875
0 0.8515625 0.2875 0.04140625 0.11953125
0 0.9328125 0.28828125 0.04375 0.153125