1 0.178125 0.35078125 0.0421875 0.0515625
1 0.14375 0.34296875 0.02265625 0.034375
1 0.1234375 0.34375 0.0234375 0.04296875
1 0.11015625 0.35546875 0.0265625 0.05859375
1 0.0921875 0.359375 0.0390625 0.06796875
1 0.06953125 0.36484375 0.0453125 0.08359375
1 0.0296875 0.38125 0.059375 0.121875
1 0.20625 0.3359375 0.0140625 0.02890625
1 0.2453125 0.34375 0.02578125 0.0625
1 0.27421875 0.353125 0.065625 0.1109375
1 0.29765625 0.3796875 0.06171875 0.10703125
1 0.33125 0.39140625 0.06640625 0.1484375
1 0.440625 0.4109375 0.2375 0.29453125
1 0.75234375 0.440625 0.4953125 0.63125
1 0.2296875 0.33828125 0.0265625 0.04140625