1 0.0234375 0.67734375 0.04609375 0.25390625
1 0.071875 0.6859375 0.07109375 0.203125
1 0.184375 0.7734375 0.2875 0.3984375
1 0.41953125 0.70546875 0.065625 0.0515625
1 0.46328125 0.7125 0.02421875 0.04140625
1 0.54765625 0.73046875 0.02109375 0.03203125
1 0.578125 0.74375 0.040625 0.04453125
1 0.6359375 0.73671875 0.0375 0.02890625
1 0.65625 0.7609375 0.07890625 0.0625
1 0.7140625 0.76328125 0.04453125 0.05859375
1 0.7546875 0.7703125 0.0265625 0.03359375
1 0.78125 0.78203125 0.0703125 0.05859375
1 0.825 0.80546875 0.03125 0.04140625
1 0.890625 0.828125 0.02109375 0.04140625
1 0.93671875 0.82890625 0.0921875 0.05703125
0 0.60859375 0.7671875 0.021875 0.12109375
0 0.48125 0.721875 0.0140625 0.08359375
0 0.4953125 0.72578125 0.01171875 0.06796875
0 0.53203125 0.74296875 0.00703125 0.053125
0 0.55234375 0.746875 0.0078125 0.05546875
0 0.54140625 0.7453125 0.009375 0.05859375
0 0.95 0.85625 0.02109375 0.11953125
1 0.4859375 0.71875 0.06953125 0.05390625