1 0.53203125 0.540625 0.02890625 0.04453125
1 0.55078125 0.5453125 0.01796875 0.03203125
1 0.5640625 0.5421875 0.02421875 0.04140625
1 0.5984375 0.546875 0.06328125 0.078125
1 0.65 0.55859375 0.0515625 0.084375
1 0.625 0.56328125 0.03046875 0.059375
1 0.70078125 0.57109375 0.08984375 0.1140625
1 0.78515625 0.5875 0.15078125 0.15390625
1 0.48984375 0.55234375 0.065625 0.140625
1 0.43515625 0.53671875 0.0203125 0.0484375
1 0.41875 0.54453125 0.03515625 0.071875
1 0.403125 0.54609375 0.034375 0.0765625
1 0.3796875 0.559375 0.0515625 0.1015625
1 0.328125 0.5796875 0.11171875 0.11953125
1 0.1421875 0.559375 0.284375 0.68125
1 0.9828125 0.68046875 0.03359375 0.19140625
1 0.4453125 0.5375 0.0171875 0.0390625