1 0.378125 0.346875 0.02578125 0.0625
1 0.353125 0.359375 0.0421875 0.08046875
1 0.33125 0.37109375 0.04609375 0.1015625
1 0.2859375 0.38125 0.0875 0.1390625
1 0.1921875 0.39375 0.1796875 0.2515625
1 0.06640625 0.3453125 0.1328125 0.49296875
1 0.453125 0.34453125 0.0171875 0.01796875
1 0.5703125 0.38828125 0.10859375 0.15703125
1 0.66484375 0.39453125 0.08828125 0.11953125
1 0.89375 0.478125 0.21171875 0.215625
1 0.434375 0.346875 0.025 0.034375
1 0.403125 0.346875 0.01953125 0.025
1 0.49609375 0.35234375 0.06796875 0.04140625