1 0.203125 0.49609375 0.0171875 0.01953125
1 0.24609375 0.49375 0.01796875 0.0375
1 0.3859375 0.48984375 0.01640625 0.05546875
1 0.484375 0.51171875 0.03359375 0.0765625
1 0.50625 0.5109375 0.03828125 0.0765625
1 0.5328125 0.515625 0.05625 0.09296875
1 0.609375 0.52890625 0.10703125 0.115625
1 0.721875 0.54453125 0.15703125 0.14296875
1 0.946875 0.57578125 0.10546875 0.2109375
1 0.42578125 0.503125 0.08515625 0.1265625
1 0.30625 0.5421875 0.14140625 0.19453125
1 0.1546875 0.50546875 0.0375 0.0390625
1 0.11875 0.51171875 0.01953125 0.04296875
1 0.06015625 0.52578125 0.11953125 0.1015625