1 0.253125 0.45078125 0.021875 0.025
1 0.2140625 0.45078125 0.0328125 0.0359375
1 0.15625 0.45078125 0.03828125 0.040625
1 0.078125 0.45078125 0.11328125 0.11796875
1 0.0140625 0.46171875 0.02734375 0.05546875
1 0.40390625 0.44140625 0.015625 0.021875
1 0.3875 0.44609375 0.0203125 0.03046875
1 0.4203125 0.45546875 0.0375 0.05390625
1 0.52421875 0.44296875 0.0140625 0.02109375
1 0.5375 0.44296875 0.01875 0.03359375
1 0.5578125 0.446875 0.03203125 0.040625
1 0.590625 0.4453125 0.0421875 0.053125
1 0.3234375 0.4359375 0.103125 0.0484375