1 0.4203125 0.52265625 0.0234375 0.03046875
1 0.396875 0.5140625 0.025 0.021875
1 0.37578125 0.5171875 0.0265625 0.0234375
1 0.3671875 0.5359375 0.04296875 0.046875
1 0.2984375 0.51328125 0.03984375 0.05859375
1 0.215625 0.53046875 0.04140625 0.0359375
1 0.1703125 0.528125 0.0328125 0.04140625
1 0.13828125 0.5296875 0.0265625 0.05
1 0.1140625 0.5328125 0.0359375 0.05
1 0.09140625 0.56015625 0.03203125 0.04140625
1 0.025 0.553125 0.0375 0.0359375
1 0.07265625 0.6875 0.1453125 0.23359375
1 0.51875 0.5484375 0.06328125 0.075
1 0.44140625 0.51640625 0.015625 0.0234375
1 0.453125 0.52265625 0.01796875 0.025
1 0.48125 0.5296875 0.04375 0.04296875
1 0.81015625 0.5625 0.1359375 0.0984375
1 0.92421875 0.7265625 0.1515625 0.30703125