0 0.62109375 0.4578125 0.01875 0.10859375
0 0.5953125 0.4265625 0.0078125 0.028125
0 0.90703125 0.534375 0.06015625 0.328125
1 0.384375 0.43515625 0.028125 0.0609375
1 0.3609375 0.44296875 0.0375 0.059375
1 0.33046875 0.4390625 0.040625 0.10859375
1 0.2875 0.459375 0.10078125 0.17890625
1 0.5734375 0.4421875 0.04296875 0.05546875
1 0.49296875 0.38515625 0.0296875 0.0390625
1 0.8875 0.47734375 0.225 0.21796875
1 0.1421875 0.465625 0.28359375 0.440625
1 0.96328125 0.5953125 0.0734375 0.178125
1 0.73125 0.52578125 0.22109375 0.253125
1 0.4625 0.54453125 0.20859375 0.29609375
1 0.54140625 0.4390625 0.02265625 0.05703125