1 0.4515625 0.37421875 0.01875 0.021875
1 0.4234375 0.375 0.0125 0.00703125
1 0.4046875 0.371875 0.021875 0.02890625
1 0.3796875 0.37109375 0.025 0.028125
1 0.0578125 0.375 0.06484375 0.0484375
1 0.6484375 0.38125 0.04609375 0.06953125
1 0.8203125 0.3890625 0.05078125 0.034375
1 0.5 0.3796875 0.00703125 0.01953125
1 0.2625 0.3734375 0.03671875 0.02890625
1 0.2171875 0.38984375 0.053125 0.04296875
1 0.121875 0.3765625 0.06640625 0.046875
1 0.31875 0.371875 0.03671875 0.034375
1 0.478125 0.3875 0.04375 0.05859375
1 0.73046875 0.421875 0.13984375 0.1515625
1 0.3484375 0.37265625 0.03203125 0.0125