1 0.0265625 0.68203125 0.053125 0.171875
1 0.76640625 0.68046875 0.37265625 0.35390625
1 0.0953125 0.646875 0.09765625 0.1125
1 0.1578125 0.6296875 0.07109375 0.0875
1 0.2078125 0.6171875 0.03984375 0.0515625
1 0.24375 0.596875 0.04375 0.040625
1 0.58515625 0.6046875 0.15859375 0.225
1 0.49375 0.5984375 0.0796875 0.15390625
1 0.4390625 0.5890625 0.05390625 0.08203125
1 0.40390625 0.58046875 0.01953125 0.0375
1 0.33125 0.6359375 0.10546875 0.14296875
1 0.3765625 0.57890625 0.0140625 0.03046875
1 0.4078125 0.5921875 0.01015625 0.03046875
1 0.3890625 0.584375 0.0109375 0.0375
1 0.2734375 0.58984375 0.0171875 0.025
1 0.346875 0.55234375 0.009375 0.00546875
1 0.328125 0.528125 0.00625 0.00703125