1 0.3734375 0.57109375 0.02421875 0.0359375
1 0.3484375 0.60390625 0.05078125 0.11953125
1 0.2828125 0.61640625 0.1125 0.153125
1 0.18125 0.65078125 0.17421875 0.2484375
1 0.078125 0.653125 0.15546875 0.36640625
1 0.5171875 0.58671875 0.02109375 0.04296875
1 0.5375 0.58046875 0.0171875 0.04296875
1 0.5484375 0.590625 0.02265625 0.059375
1 0.58125 0.5875 0.06015625 0.09140625
1 0.603125 0.60234375 0.06875 0.0984375
1 0.625 0.61953125 0.059375 0.10859375
1 0.69921875 0.625 0.12734375 0.18203125
1 0.8625 0.67421875 0.2734375 0.35703125
1 0.43671875 0.6765625 0.1890625 0.26640625
1 0.9828125 0.86015625 0.03359375 0.15703125