1 0.3546875 0.58203125 0.0125 0.04140625
1 0.3359375 0.58046875 0.0296875 0.059375
1 0.315625 0.590625 0.03515625 0.071875
1 0.27421875 0.59609375 0.07734375 0.090625
1 0.421875 0.584375 0.0171875 0.01953125
1 0.4546875 0.59609375 0.03515625 0.05859375
1 0.55625 0.6125 0.15234375 0.0984375
1 0.671875 0.625 0.05546875 0.0640625
1 0.7734375 0.64375 0.09921875 0.0890625
1 0.84453125 0.63359375 0.090625 0.06796875
1 0.88671875 0.63046875 0.034375 0.04140625
1 0.9203125 0.63046875 0.01171875 0.034375
1 0.93671875 0.63046875 0.02890625 0.034375
1 0.9734375 0.62890625 0.02265625 0.0375