0 0.72421875 0.43125 0.01953125 0.06953125
0 0.828125 0.4484375 0.01484375 0.09453125
0 0.49609375 0.43125 0.00859375 0.04140625
0 0.4890625 0.4234375 0.00625 0.03046875
0 0.040625 0.41328125 0.015625 0.075
0 0.01484375 0.421875 0.01953125 0.09140625
0 0.59375 0.4359375 0.01875 0.08203125
0 0.753125 0.4734375 0.0328125 0.15703125
1 0.1609375 0.40546875 0.0171875 0.01796875
1 0.4125 0.42109375 0.015625 0.01796875
1 0.44375 0.42578125 0.02578125 0.0375
1 0.796875 0.459375 0.075 0.08359375
1 0.9125 0.61171875 0.1734375 0.6265625