0 0.6609375 0.465625 0.0171875 0.071875
0 0.65390625 0.45390625 0.015625 0.071875
0 0.64140625 0.4546875 0.0171875 0.075
0 0.61796875 0.44609375 0.01171875 0.05703125
0 0.6109375 0.45390625 0.0109375 0.05859375
0 0.6015625 0.45625 0.015625 0.071875
0 0.5875 0.46640625 0.0171875 0.0890625
0 0.8296875 0.4921875 0.03671875 0.13203125
1 0.2515625 0.42578125 0.0421875 0.05390625
1 0.2875 0.521875 0.06328125 0.146875
1 0.778125 0.46796875 0.08828125 0.071875
0 0.85390625 0.50078125 0.02734375 0.09140625
0 0.921875 0.51953125 0.0328125 0.09609375
1 0.4 0.4796875 0.1 0.12890625
1 0.1578125 0.60546875 0.315625 0.5453125
1 0.9859375 0.4703125 0.02734375 0.04453125
1 0.965625 0.47265625 0.034375 0.05859375
1 0.6859375 0.47734375 0.06953125 0.11953125
1 0.8375 0.46796875 0.07421875 0.0484375