0 0.5953125 0.58046875 0.01015625 0.0484375
0 0.6875 0.5953125 0.015625 0.04453125
0 0.7109375 0.63359375 0.02265625 0.109375
0 0.73125 0.63984375 0.0203125 0.10390625
0 0.753125 0.6296875 0.021875 0.12109375
0 0.790625 0.646875 0.02421875 0.11953125
0 0.8140625 0.6453125 0.01875 0.1265625
0 0.9828125 0.65078125 0.015625 0.04140625
0 0.959375 0.66171875 0.0171875 0.1484375
0 0.1859375 0.57421875 0.0078125 0.053125
0 0.1734375 0.5671875 0.01171875 0.05859375
0 0.0390625 0.56484375 0.01796875 0.078125
0 0.0796875 0.5734375 0.03515625 0.09609375
0 0.021875 0.5671875 0.0171875 0.05859375
0 0.0078125 0.559375 0.015625 0.08203125
0 0.578125 0.6328125 0.03515625 0.1484375
0 0.665625 0.6203125 0.03203125 0.1390625
0 0.7734375 0.64375 0.02734375 0.1859375
0 0.8375 0.6484375 0.05234375 0.209375
0 0.9296875 0.678125 0.053125 0.2375
1 0.3171875 0.58671875 0.028125 0.03046875
1 0.265625 0.5796875 0.02265625 0.05546875
1 0.2921875 0.58359375 0.02421875 0.0375
1 0.23359375 0.58359375 0.05 0.08046875
0 0.628125 0.590625 0.05234375 0.0390625
0 0.54140625 0.6046875 0.046875 0.06640625
0 0.40703125 0.58984375 0.0546875 0.053125
0 0.4734375 0.58671875 0.05703125 0.0375
0 0.1421875 0.56640625 0.0390625 0.0609375