1 0.5 0.53984375 0.01875 0.046875
1 0.5109375 0.54296875 0.02265625 0.0484375
1 0.525 0.5453125 0.0234375 0.05390625
1 0.540625 0.5484375 0.02890625 0.07109375
1 0.5609375 0.55234375 0.03828125 0.08203125
1 0.6296875 0.575 0.125 0.14609375
1 0.34140625 0.55703125 0.01484375 0.034375
1 0.3265625 0.55703125 0.01953125 0.0484375
1 0.3109375 0.55859375 0.02890625 0.0515625
1 0.28359375 0.5640625 0.03671875 0.059375
1 0.22890625 0.58203125 0.06171875 0.075
1 0.13984375 0.58359375 0.11953125 0.10859375
1 0.01875 0.6171875 0.03671875 0.0875
1 0.8421875 0.65234375 0.3140625 0.2625
1 0.4296875 0.55 0.01953125 0.02109375
1 0.45 0.54765625 0.01953125 0.02109375
1 0.2609375 0.571875 0.02734375 0.053125