1 0.225 0.4234375 0.0421875 0.059375
1 0.15625 0.43828125 0.10234375 0.071875
1 0.03515625 0.44453125 0.06796875 0.090625
1 0.340625 0.42109375 0.02265625 0.025
1 0.3734375 0.4265625 0.0125 0.0234375
1 0.43125 0.4265625 0.015625 0.02109375
1 0.4671875 0.43203125 0.01484375 0.03203125
1 0.48515625 0.43515625 0.0265625 0.040625
1 0.5203125 0.4421875 0.04609375 0.04140625
1 0.5765625 0.45859375 0.06875 0.08203125
1 0.6671875 0.45859375 0.11328125 0.13203125
1 0.7859375 0.5046875 0.196875 0.16953125