1 0.25078125 0.346875 0.034375 0.028125
1 0.278125 0.32734375 0.02265625 0.0265625
1 0.37265625 0.334375 0.025 0.0265625
1 0.3875 0.3234375 0.0234375 0.0234375
1 0.496875 0.33828125 0.0328125 0.046875
1 0.58671875 0.3234375 0.01328125 0.01953125
1 0.59375 0.3234375 0.01171875 0.01953125
1 0.6015625 0.32734375 0.009375 0.02109375
1 0.6140625 0.32734375 0.01875 0.0265625
1 0.63359375 0.33359375 0.02734375 0.0375
1 0.6859375 0.3484375 0.0234375 0.04453125
1 0.71875 0.353125 0.03671875 0.04296875
1 0.765625 0.35078125 0.07265625 0.08203125
1 0.0515625 0.33359375 0.103125 0.084375
1 0.559375 0.33828125 0.0265625 0.0375
1 0.52109375 0.353125 0.04765625 0.0640625