1 0.878125 0.684375 0.2421875 0.46796875
1 0.56875 0.628125 0.1296875 0.17109375
1 0.421875 0.5875 0.0296875 0.0484375
1 0.3359375 0.58515625 0.0234375 0.0390625
1 0.303125 0.584375 0.03046875 0.04296875
1 0.1828125 0.59765625 0.1203125 0.16640625
1 0.25625 0.603125 0.0390625 0.09453125
1 0.50234375 0.61796875 0.065625 0.10703125
1 0.4671875 0.615625 0.05078125 0.0734375
1 0.4 0.58515625 0.01875 0.03359375
1 0.3828125 0.5828125 0.0125 0.01796875
0 0.69375 0.590625 0.0125 0.1140625
0 0.6703125 0.590625 0.01875 0.09296875
0 0.6546875 0.590625 0.01640625 0.103125