1 0.90546875 0.8453125 0.18671875 0.30390625
1 0.02890625 0.546875 0.05625 0.140625
1 0.7359375 0.678125 0.31953125 0.2734375
1 0.1359375 0.5 0.1078125 0.1140625
1 0.5609375 0.58359375 0.18515625 0.1859375
1 0.459375 0.559375 0.0765625 0.115625
1 0.1921875 0.49140625 0.040625 0.1
1 0.271875 0.48046875 0.01796875 0.03203125
1 0.2875 0.484375 0.015625 0.028125
1 0.2375 0.490625 0.06015625 0.07890625
1 0.396875 0.5328125 0.0796875 0.08046875
1 0.4203125 0.54296875 0.03671875 0.0734375
1 0.340625 0.50078125 0.03125 0.02890625