0 0.2640625 0.4171875 0.01484375 0.0375
0 0.35625 0.42734375 0.01171875 0.01953125
0 0.1484375 0.421875 0.0171875 0.0515625
0 0.1328125 0.421875 0.0171875 0.04140625
0 0.7 0.4375 0.01171875 0.03046875
0 0.9859375 0.440625 0.0234375 0.065625
1 0.40703125 0.43515625 0.01953125 0.02109375
1 0.3953125 0.4390625 0.015625 0.03359375
1 0.471875 0.43515625 0.01171875 0.02109375
1 0.528125 0.43359375 0.0265625 0.0265625
1 0.62578125 0.45390625 0.0484375 0.05859375
1 0.790625 0.4625 0.153125 0.159375
1 0.8921875 0.49140625 0.18359375 0.153125
0 0.0078125 0.41640625 0.01484375 0.06796875
1 0.37578125 0.4421875 0.034375 0.040625
1 0.440625 0.4609375 0.06328125 0.1015625
1 0.484375 0.43203125 0.01875 0.028125
1 0.66875 0.46328125 0.065625 0.0859375