1 0.45390625 0.54609375 0.02421875 0.04453125
1 0.50625 0.584375 0.09140625 0.128125
1 0.740625 0.60625 0.0390625 0.096875
1 0.2296875 0.56875 0.08671875 0.1734375
1 0.37109375 0.50390625 0.0890625 0.04140625
1 0.26796875 0.5171875 0.07578125 0.140625
1 0.6328125 0.65859375 0.228125 0.2734375
1 0.3703125 0.6671875 0.2296875 0.32890625
1 0.1125 0.56796875 0.225 0.2984375
1 0.9296875 0.80234375 0.13984375 0.39140625
0 0.775 0.60234375 0.0125 0.0640625
0 0.79375 0.59765625 0.015625 0.0625
0 0.8484375 0.603125 0.01953125 0.0625
0 0.9015625 0.6125 0.02109375 0.075