1 0.3921875 0.35234375 0.028125 0.04140625
1 0.36484375 0.35078125 0.03046875 0.06796875
1 0.334375 0.3625 0.0609375 0.096875
1 0.29375 0.37578125 0.07265625 0.134375
1 0.2203125 0.40078125 0.14296875 0.215625
1 0.10390625 0.45078125 0.2078125 0.4390625
1 0.4625 0.34453125 0.021875 0.0390625
1 0.46875 0.3515625 0.01875 0.046875
1 0.4875 0.35625 0.025 0.05703125
1 0.528125 0.3546875 0.06953125 0.109375
1 0.559375 0.3796875 0.075 0.12109375
1 0.6296875 0.403125 0.14140625 0.18359375
1 0.834375 0.49375 0.33046875 0.39453125
1 0.42890625 0.35859375 0.05234375 0.0890625