1 0.325 0.55234375 0.04453125 0.06796875
1 0.2671875 0.56015625 0.08359375 0.12109375
1 0.2515625 0.590625 0.09453125 0.11953125
1 0.14453125 0.60390625 0.18515625 0.23203125
1 0.5046875 0.5609375 0.03515625 0.08359375
1 0.53984375 0.5671875 0.06015625 0.0984375
1 0.61953125 0.59453125 0.13828125 0.1265625
1 0.0703125 0.66328125 0.13828125 0.34140625
1 0.91484375 0.6953125 0.16953125 0.21796875
1 0.3859375 0.54296875 0.01953125 0.03046875
1 0.3078125 0.5625 0.02578125 0.08359375
1 0.45 0.5640625 0.0859375 0.065625