0 0.83046875 0.5140625 0.08203125 0.46796875
0 0.70703125 0.5109375 0.12421875 0.496875
0 0.7546875 0.515625 0.08046875 0.3984375
1 0.159375 0.490625 0.08046875 0.05
1 0.06171875 0.51171875 0.12109375 0.19609375
1 0.2203125 0.478125 0.053125 0.08203125
1 0.3015625 0.47734375 0.01953125 0.03046875
0 0.1421875 0.49609375 0.0203125 0.06640625
0 0.33046875 0.47734375 0.01328125 0.065625
0 0.3421875 0.471875 0.0125 0.0640625
0 0.3625 0.49765625 0.03203125 0.15546875
0 0.359375 0.47109375 0.01484375 0.08046875
1 0.546875 0.46953125 0.02578125 0.04453125