1 0.37265625 0.60703125 0.021875 0.03203125
1 0.34765625 0.61328125 0.028125 0.040625
1 0.4609375 0.59765625 0.034375 0.05390625
1 0.42109375 0.5984375 0.03515625 0.046875
1 0.575 0.60078125 0.078125 0.1015625
1 0.4890625 0.5921875 0.01484375 0.025
1 0.525 0.59921875 0.0453125 0.0765625
1 0.27109375 0.634375 0.01875 0.02890625
1 0.2453125 0.63203125 0.03671875 0.04296875
1 0.2203125 0.64375 0.02421875 0.02890625
1 0.0890625 0.66640625 0.0515625 0.0875
1 0.1375 0.665625 0.078125 0.090625
1 0.028125 0.7 0.05625 0.065625
1 0.3921875 0.6078125 0.01875 0.01953125
1 0.5109375 0.6046875 0.02421875 0.0515625