1 0.50546875 0.49609375 0.01875 0.02890625
1 0.51796875 0.5015625 0.0234375 0.04453125
1 0.5359375 0.509375 0.02421875 0.05
1 0.553125 0.5125 0.03203125 0.05703125
1 0.575 0.51484375 0.03359375 0.059375
1 0.60546875 0.53046875 0.0703125 0.13203125
1 0.690625 0.553125 0.1296875 0.165625
1 0.30390625 0.51484375 0.0421875 0.03046875
1 0.20625 0.53203125 0.065625 0.028125
1 0.14765625 0.54140625 0.05390625 0.04453125
1 0.06796875 0.5421875 0.0421875 0.04296875
1 0.4390625 0.49140625 0.0234375 0.03203125
1 0.8578125 0.6046875 0.2828125 0.31640625
1 0.9390625 0.67265625 0.11640625 0.2875