1 0.1078125 0.7359375 0.2140625 0.3875
1 0.2578125 0.65546875 0.1578125 0.1875
1 0.34375 0.6328125 0.08046875 0.125
1 0.37578125 0.603125 0.059375 0.10859375
1 0.41328125 0.59765625 0.02421875 0.0890625
1 0.80390625 0.6625 0.25625 0.25546875
1 0.684375 0.60546875 0.134375 0.175
1 0.621875 0.590625 0.0609375 0.13359375
1 0.5875 0.590625 0.02890625 0.09140625
1 0.56953125 0.58671875 0.03046875 0.08359375
1 0.53125 0.59375 0.0234375 0.021875
1 0.4625 0.5875 0.03359375 0.04296875
1 0.50625 0.5765625 0.02734375 0.03046875
1 0.5234375 0.5859375 0.0140625 0.025