1 0.5671875 0.471875 0.0109375 0.0234375
1 0.55859375 0.4734375 0.01171875 0.03359375
1 0.5484375 0.4765625 0.02109375 0.0515625
1 0.53359375 0.475 0.02734375 0.0640625
1 0.51484375 0.48359375 0.0328125 0.07109375
1 0.484375 0.484375 0.04765625 0.08203125
1 0.45 0.50546875 0.06171875 0.11953125
1 0.61953125 0.475 0.0171875 0.040625
1 0.6328125 0.47578125 0.02265625 0.04296875
1 0.6515625 0.48203125 0.02890625 0.059375
1 0.6625 0.471875 0.02109375 0.065625
1 0.6828125 0.48828125 0.04921875 0.090625
1 0.7109375 0.5015625 0.04453125 0.1015625
1 0.78125 0.50546875 0.15625 0.18203125
1 0.3578125 0.5140625 0.18359375 0.2390625
1 0.15625 0.63515625 0.3125 0.3984375
1 0.903125 0.565625 0.19296875 0.4265625
1 0.58828125 0.484375 0.0375 0.05859375