1 0.43125 0.45390625 0.021875 0.040625
1 0.41328125 0.46171875 0.01796875 0.0359375
1 0.39375 0.465625 0.02109375 0.03046875
1 0.3625 0.47265625 0.0421875 0.0609375
1 0.22109375 0.46953125 0.04921875 0.053125
1 0.159375 0.51640625 0.12265625 0.1359375
1 0.5359375 0.459375 0.02265625 0.04140625
1 0.55625 0.46953125 0.02265625 0.03203125
1 0.59375 0.465625 0.046875 0.084375
1 0.815625 0.50625 0.23984375 0.2734375
1 0.309375 0.49375 0.0453125 0.05546875
1 0.6515625 0.48203125 0.0953125 0.10859375
1 0.49296875 0.4578125 0.0546875 0.08359375
1 0.0546875 0.53203125 0.109375 0.1765625
1 0.95390625 0.6109375 0.08984375 0.31640625
1 0.4515625 0.459375 0.015625 0.0140625