1 0.61875 0.4578125 0.121875 0.16953125
1 0.0515625 0.47578125 0.103125 0.090625
1 0.13359375 0.4671875 0.065625 0.06796875
1 0.1921875 0.46484375 0.06171875 0.06796875
1 0.23046875 0.459375 0.0328125 0.0515625
1 0.2921875 0.45078125 0.05859375 0.06640625
1 0.2515625 0.4578125 0.03125 0.046875
1 0.9859375 0.56953125 0.0265625 0.140625
1 0.56015625 0.44140625 0.02578125 0.0515625
1 0.5390625 0.44140625 0.021875 0.0359375
1 0.35625 0.4484375 0.03359375 0.03203125
1 0.39296875 0.44375 0.021875 0.025
1 0.50546875 0.43828125 0.0234375 0.01953125
1 0.41484375 0.440625 0.01640625 0.0234375
1 0.43125 0.43828125 0.01640625 0.0234375
1 0.4421875 0.434375 0.01796875 0.021875
1 0.49375 0.43359375 0.0125 0.01953125
1 0.4875 0.43046875 0.01328125 0.01953125