1 0.790625 0.3921875 0.021875 0.0359375
1 0.8140625 0.39765625 0.04921875 0.04453125
1 0.759375 0.39765625 0.0453125 0.046875
1 0.7171875 0.3984375 0.02890625 0.03046875
1 0.696875 0.3984375 0.0125 0.01953125
1 0.6828125 0.3984375 0.0109375 0.01640625
1 0.66796875 0.40078125 0.0125 0.01953125
1 0.653125 0.3984375 0.015625 0.0234375
1 0.63515625 0.396875 0.0140625 0.01640625
1 0.6140625 0.39375 0.0171875 0.021875
1 0.590625 0.396875 0.01875 0.01953125
1 0.5609375 0.39921875 0.00859375 0.015625
1 0.5734375 0.396875 0.0125 0.0234375
1 0.546875 0.39609375 0.0140625 0.025
1 0.30625 0.35 0.01640625 0.021875
1 0.2859375 0.34453125 0.02265625 0.0234375
1 0.184375 0.34296875 0.01328125 0.021875
1 0.209375 0.35234375 0.04296875 0.04453125
1 0.11015625 0.45 0.2203125 0.24296875
1 0.41875 0.4953125 0.2984375 0.403125
1 0.90859375 0.44140625 0.1828125 0.43046875
1 0.075 0.2875 0.04140625 0.04609375