1 0.4421875 0.56640625 0.02109375 0.03046875
1 0.4140625 0.575 0.02890625 0.04296875
1 0.3953125 0.578125 0.0140625 0.02890625
1 0.5078125 0.5875 0.02265625 0.02890625
1 0.56171875 0.6 0.0359375 0.0515625
1 0.6109375 0.58984375 0.0609375 0.084375
1 0.6390625 0.60234375 0.05625 0.084375
1 0.684375 0.61171875 0.08671875 0.10859375
1 0.7625 0.6265625 0.134375 0.15
1 0.859375 0.66875 0.16875 0.159375
1 0.9625 0.715625 0.0734375 0.15859375
1 0.46015625 0.62421875 0.0921875 0.11640625
1 0.1296875 0.56328125 0.18515625 0.209375