1 0.9515625 0.54921875 0.0953125 0.13203125
1 0.1984375 0.5015625 0.19609375 0.1859375
1 0.2796875 0.47109375 0.115625 0.178125
1 0.34375 0.45859375 0.0453125 0.09140625
1 0.371875 0.44375 0.03125 0.05
1 0.709375 0.46796875 0.09609375 0.11953125
1 0.6578125 0.4578125 0.0859375 0.096875
1 0.60625 0.459375 0.04375 0.059375
1 0.490625 0.4375 0.0265625 0.03046875
1 0.565625 0.4515625 0.0390625 0.04296875
1 0.5203125 0.44609375 0.03125 0.03203125
1 0.4375 0.43125 0.0171875 0.02109375
1 0.39765625 0.42890625 0.01875 0.034375