1 0.4203125 0.559375 0.0140625 0.0109375
1 0.428125 0.5734375 0.0140625 0.02890625
1 0.41875 0.58515625 0.0140625 0.0234375
1 0.45234375 0.59453125 0.0328125 0.04609375
1 0.49921875 0.590625 0.03515625 0.0515625
1 0.5265625 0.59765625 0.04921875 0.05859375
1 0.3921875 0.5984375 0.0234375 0.025
1 0.3625 0.596875 0.03515625 0.04609375
1 0.3265625 0.5890625 0.03515625 0.04296875
0 0.57265625 0.58515625 0.0125 0.05390625
0 0.58203125 0.5796875 0.01015625 0.034375
0 0.671875 0.5859375 0.02109375 0.0890625
0 0.703125 0.59609375 0.0203125 0.1
0 0.721875 0.596875 0.0171875 0.09296875
0 0.98515625 0.59609375 0.028125 0.18359375