1 0.3890625 0.32265625 0.02890625 0.03046875
1 0.4234375 0.3203125 0.02109375 0.015625
1 0.5984375 0.30078125 0.0078125 0.0109375
1 0.24609375 0.384375 0.12109375 0.115625
0 0.7140625 0.296875 0.009375 0.03359375
0 0.7046875 0.2984375 0.009375 0.04453125
0 0.36875 0.31796875 0.01484375 0.0640625
1 0.4515625 0.32734375 0.04140625 0.040625
1 0.5109375 0.3203125 0.02578125 0.0265625
1 0.625 0.3015625 0.01953125 0.028125
1 0.58203125 0.3140625 0.0328125 0.046875
1 0.8265625 0.3578125 0.17734375 0.18046875
1 0.0875 0.421875 0.175 0.334375