1 0.3859375 0.56796875 0.02421875 0.04296875
1 0.35625 0.57578125 0.0515625 0.07109375
1 0.321875 0.596875 0.08125 0.07890625
1 0.53125 0.54609375 0.0140625 0.028125
1 0.51484375 0.57265625 0.03515625 0.075
1 0.56328125 0.55546875 0.034375 0.0515625
1 0.446875 0.621875 0.12578125 0.19453125
1 0.67734375 0.596875 0.12890625 0.14140625
1 0.865625 0.72890625 0.26796875 0.5234375
0 0.784375 0.54453125 0.01171875 0.0515625
0 0.796875 0.5453125 0.01015625 0.0484375
0 0.8171875 0.53203125 0.01484375 0.04453125
0 0.6 0.54140625 0.009375 0.040625