1 0.5078125 0.346875 0.02421875 0.040625
1 0.5234375 0.35 0.02265625 0.04140625
1 0.54453125 0.35390625 0.01796875 0.05390625
1 0.571875 0.353125 0.03828125 0.06953125
1 0.5890625 0.3640625 0.02578125 0.053125
1 0.62578125 0.35234375 0.075 0.10546875
1 0.6796875 0.365625 0.084375 0.13046875
1 0.4 0.3546875 0.03046875 0.04609375
1 0.3734375 0.3703125 0.034375 0.059375
1 0.325 0.3703125 0.0609375 0.10546875
1 0.1 0.37890625 0.0484375 0.04296875
1 0.046875 0.428125 0.09375 0.128125
1 0.975 0.465625 0.0484375 0.14453125
1 0.46015625 0.3734375 0.07109375 0.10546875
1 0.19375 0.42734375 0.24375 0.25
1 0.7703125 0.371875 0.15 0.15859375