1 0.421875 0.36328125 0.0203125 0.03046875
1 0.39375 0.3703125 0.028125 0.04609375
1 0.3484375 0.403125 0.0921875 0.109375
1 0.4796875 0.40625 0.09296875 0.15859375
1 0.1703125 0.48203125 0.340625 0.425
0 0.53359375 0.34375 0.01015625 0.040625
0 0.5515625 0.3421875 0.01015625 0.04453125
0 0.559375 0.33984375 0.01015625 0.04453125
0 0.5796875 0.33984375 0.0125 0.04453125
0 0.64140625 0.3625 0.0125 0.08046875
0 0.65 0.36015625 0.01171875 0.08046875
0 0.6828125 0.353125 0.0203125 0.08046875
0 0.715625 0.36328125 0.02265625 0.0734375
0 0.7421875 0.36328125 0.01796875 0.06953125
1 0.94375 0.159375 0.046875 0.084375