0 0.0390625 0.48828125 0.021875 0.0984375
0 0.0703125 0.49296875 0.03125 0.13046875
0 0.1015625 0.490625 0.0265625 0.128125
0 0.0171875 0.496875 0.0265625 0.1234375
0 0.82265625 0.346875 0.02421875 0.13046875
1 0.34375 0.41171875 0.01640625 0.02890625
1 0.409375 0.39140625 0.03828125 0.05546875
1 0.490625 0.396875 0.0171875 0.0375
1 0.5109375 0.38125 0.02890625 0.040625
1 0.60078125 0.371875 0.0390625 0.06640625
1 0.56953125 0.3953125 0.0734375 0.090625
1 0.45546875 0.4203125 0.07734375 0.1109375
1 0.234375 0.52109375 0.22890625 0.28203125
1 0.653125 0.35703125 0.03671875 0.065625
1 0.7453125 0.34453125 0.0140625 0.02109375
0 0.91171875 0.33984375 0.021875 0.059375
1 0.3734375 0.4078125 0.034375 0.04140625