1 0.70546875 0.57421875 0.128125 0.1265625
1 0.4296875 0.51328125 0.01484375 0.0234375
1 0.109375 0.559375 0.08359375 0.08203125
1 0.175 0.54375 0.05390625 0.065625
1 0.2890625 0.5265625 0.040625 0.0609375
1 0.23125 0.51484375 0.065625 0.07109375
1 0.334375 0.51875 0.02734375 0.034375
1 0.6421875 0.5359375 0.07578125 0.09296875
1 0.59765625 0.52578125 0.06015625 0.0875
1 0.50859375 0.5015625 0.0296875 0.0484375
1 0.47265625 0.50546875 0.0265625 0.03359375
1 0.36875 0.5140625 0.02578125 0.01953125
1 0.44765625 0.5046875 0.00625 0.00859375