1 0.03515625 0.696875 0.040625 0.05390625
1 0.0609375 0.6765625 0.0140625 0.02109375
1 0.10625 0.6890625 0.103125 0.07109375
0 0.028125 0.6578125 0.01015625 0.0140625
0 0.375 0.6890625 0.0234375 0.0765625
1 0.41796875 0.69296875 0.015625 0.05546875
1 0.190625 0.65859375 0.01640625 0.04140625
0 0.175 0.70546875 0.01640625 0.12109375
0 0.290625 0.72734375 0.03828125 0.1265625
0 0.303125 0.6703125 0.00625 0.01953125
0 0.4796875 0.71328125 0.01484375 0.1234375
0 0.5921875 0.715625 0.02265625 0.115625
0 0.6140625 0.71640625 0.01875 0.115625
1 0.8875 0.753125 0.2234375 0.14609375