1 0.54453125 0.63125 0.02421875 0.02890625
1 0.5328125 0.62109375 0.02109375 0.04296875
1 0.44453125 0.6265625 0.01640625 0.02890625
1 0.4609375 0.628125 0.01171875 0.01640625
1 0.4359375 0.63046875 0.0171875 0.025
1 0.4984375 0.6296875 0.05078125 0.0875
1 0.17734375 0.64921875 0.015625 0.0265625
1 0.1640625 0.64921875 0.0171875 0.03203125
1 0.33671875 0.6484375 0.0640625 0.0515625
1 0.7984375 0.6671875 0.278125 0.284375
1 0.2078125 0.65703125 0.05859375 0.078125
1 0.2546875 0.6671875 0.096875 0.125