1 0.378125 0.45078125 0.0484375 0.0859375
1 0.34375 0.46875 0.06015625 0.09140625
1 0.2671875 0.4765625 0.1 0.13203125
1 0.1546875 0.503125 0.14765625 0.18046875
1 0.0421875 0.50859375 0.084375 0.246875
1 0.67421875 0.45390625 0.05 0.09609375
1 0.69375 0.46484375 0.06328125 0.0984375
1 0.7609375 0.4796875 0.134375 0.165625
1 0.8984375 0.528125 0.20234375 0.3140625
1 0.6171875 0.4453125 0.0375 0.04453125
1 0.540625 0.44140625 0.02890625 0.0484375
1 0.5015625 0.440625 0.01328125 0.025
1 0.475 0.44765625 0.0078125 0.0265625
1 0.4578125 0.4484375 0.02890625 0.040625
1 0.571875 0.434375 0.01640625 0.0234375
1 0.55859375 0.4265625 0.00625 0.00703125
1 0.5984375 0.440625 0.01328125 0.0375
1 0.4828125 0.44453125 0.015625 0.03046875
1 0.49140625 0.4421875 0.00859375 0.028125