1 0.4671875 0.28671875 0.0125 0.01953125
1 0.48125 0.2859375 0.01640625 0.0140625
1 0.48046875 0.30859375 0.025 0.034375
1 0.44375 0.290625 0.01015625 0.01640625
1 0.4296875 0.29375 0.015625 0.015625
1 0.40703125 0.30078125 0.00859375 0.0140625
1 0.38515625 0.29921875 0.015625 0.01953125
1 0.35078125 0.30078125 0.034375 0.0359375
1 0.18984375 0.31640625 0.0265625 0.05859375
1 0.1390625 0.30234375 0.07734375 0.1
1 0.05234375 0.3015625 0.1046875 0.128125
1 0.528125 0.30234375 0.0109375 0.0265625
1 0.5515625 0.309375 0.0171875 0.03046875
1 0.5984375 0.3171875 0.02109375 0.05
1 0.70625 0.340625 0.08125 0.103125
1 0.76875 0.36484375 0.06796875 0.12109375
1 0.9453125 0.40625 0.10546875 0.1515625