1 0.171875 0.471875 0.11953125 0.121875
1 0.49609375 0.4484375 0.02734375 0.0375
1 0.33671875 0.43125 0.0203125 0.03359375
1 0.4484375 0.43359375 0.01796875 0.0234375
1 0.24375 0.440625 0.03984375 0.06953125
1 0.2828125 0.43828125 0.0328125 0.0484375
1 0.30625 0.43515625 0.02421875 0.046875
1 0.4078125 0.43203125 0.0203125 0.01640625
1 0.87890625 0.578125 0.23671875 0.33203125
0 0.690625 0.453125 0.02109375 0.103125
0 0.71484375 0.4640625 0.02265625 0.11953125
0 0.83046875 0.453125 0.015625 0.084375
0 0.8125 0.44453125 0.015625 0.09609375
0 0.79921875 0.45546875 0.01171875 0.0859375
0 0.78125 0.46171875 0.01953125 0.0875
0 0.7421875 0.44765625 0.01484375 0.07109375
0 0.671875 0.44375 0.01328125 0.0765625
0 0.65625 0.44140625 0.01328125 0.07890625
0 0.6421875 0.446875 0.02265625 0.084375
0 0.625 0.440625 0.01484375 0.0625
0 0.6015625 0.434375 0.0109375 0.04296875
0 0.5171875 0.43359375 0.009375 0.04140625
0 0.7640625 0.4484375 0.0203125 0.103125
0 0.94921875 0.3921875 0.015625 0.0390625
0 0.88203125 0.41953125 0.0109375 0.0265625
0 0.14140625 0.4125 0.01015625 0.0265625
0 0.12890625 0.415625 0.0125 0.0359375
0 0.1171875 0.41640625 0.0109375 0.04296875
1 0.35625 0.4375 0.02109375 0.0234375
1 0.384375 0.43984375 0.02578125 0.028125
1 0.42578125 0.43125 0.00859375 0.015625
1 0.31875 0.43125 0.01484375 0.046875