1 0.4796875 0.546875 0.02421875 0.025
1 0.5140625 0.5515625 0.03984375 0.05546875
1 0.40625 0.5515625 0.02890625 0.05390625
1 0.37734375 0.553125 0.046875 0.103125
1 0.296875 0.56875 0.12734375 0.1390625
1 0.55625 0.56953125 0.06015625 0.06796875
1 0.715625 0.621875 0.18515625 0.278125
1 0.8734375 0.5609375 0.24765625 0.69453125
1 0.45859375 0.540625 0.01484375 0.02109375
1 0.6203125 0.59609375 0.08046875 0.14296875
1 0.5203125 0.5625 0.02421875 0.05390625
1 0.3609375 0.575 0.0328125 0.090625
1 0.43125 0.55 0.0328125 0.03359375