1 0.18125 0.6625 0.2 0.1859375
1 0.446875 0.61796875 0.040625 0.0609375
1 0.3078125 0.6078125 0.04453125 0.05390625
1 0.384375 0.5921875 0.01875 0.02890625
1 0.428125 0.59453125 0.0203125 0.025
1 0.4046875 0.584375 0.01484375 0.021875
1 0.05390625 0.60078125 0.0265625 0.0234375
1 0.1015625 0.58828125 0.03046875 0.01953125
1 0.26953125 0.57734375 0.01640625 0.009375
1 0.4796875 0.571875 0.01015625 0.015625
1 0.45859375 0.59765625 0.0265625 0.04296875
1 0.3203125 0.571875 0.01484375 0.01640625
1 0.35625 0.56796875 0.0109375 0.0125
1 0.35625 0.615625 0.05546875 0.0765625
1 0.3671875 0.5640625 0.01015625 0.009375
1 0.15625 0.575 0.0453125 0.02109375
1 0.29921875 0.571875 0.025 0.01796875
1 0.33125 0.565625 0.0171875 0.025
1 0.3453125 0.5703125 0.0140625 0.0140625
1 0.3796875 0.5640625 0.01015625 0.0125
1 0.4140625 0.56015625 0.0609375 0.01796875
1 0.46875 0.57734375 0.01484375 0.021875
1 0.428125 0.5734375 0.01328125 0.015625
1 0.4390625 0.57109375 0.00859375 0.0140625
1 0.484375 0.56171875 0.009375 0.009375