1 0.3375 0.51796875 0.01171875 0.0234375
1 0.2890625 0.52265625 0.02109375 0.0359375
1 0.26015625 0.5203125 0.04609375 0.05703125
1 0.203125 0.51953125 0.075 0.075
1 0.1484375 0.515625 0.0140625 0.01953125
1 0.128125 0.5140625 0.01953125 0.025
1 0.11640625 0.515625 0.0203125 0.0234375
1 0.090625 0.5140625 0.01328125 0.009375
1 0.05390625 0.51484375 0.02890625 0.0359375
1 0.48125 0.52734375 0.03359375 0.053125
1 0.4296875 0.540625 0.0578125 0.09296875
1 0.6015625 0.56953125 0.1015625 0.12109375
1 0.8875 0.67578125 0.22109375 0.4859375
0 0.703125 0.5375 0.0234375 0.103125
0 0.73984375 0.56171875 0.0296875 0.14609375