1 0.4734375 0.52890625 0.0359375 0.05
1 0.43125 0.5328125 0.05703125 0.0984375
1 0.4109375 0.55859375 0.0546875 0.1015625
1 0.36640625 0.57265625 0.096875 0.128125
1 0.2484375 0.603125 0.2203125 0.20703125
1 0.61953125 0.5390625 0.03515625 0.09140625
1 0.65625 0.55234375 0.071875 0.1234375
1 0.6859375 0.57578125 0.096875 0.14296875
1 0.8 0.609375 0.203125 0.20703125
1 0.9125 0.6828125 0.17109375 0.3125
1 0.5375 0.52421875 0.0125 0.01640625
1 0.5609375 0.51796875 0.0203125 0.03203125
1 0.52421875 0.52734375 0.00859375 0.009375
1 0.49296875 0.525 0.01875 0.04140625
0 0.5140625 0.5203125 0.0046875 0.02109375
0 0.51015625 0.515625 0.00390625 0.0140625
0 0.50625 0.52578125 0.009375 0.03046875