1 0.0671875 0.44765625 0.134375 0.21953125
1 0.240625 0.42265625 0.1203125 0.15859375
1 0.409375 0.43046875 0.10625 0.1609375
1 0.1515625 0.41171875 0.05703125 0.08046875
1 0.30625 0.39609375 0.0390625 0.08203125
1 0.35625 0.38359375 0.0234375 0.034375
1 0.475 0.39296875 0.04921875 0.07109375
1 0.9453125 0.3625 0.0828125 0.05859375
1 0.8453125 0.365625 0.02890625 0.03359375
0 0.5515625 0.3609375 0.0109375 0.0390625
0 0.55703125 0.35859375 0.00546875 0.0234375
1 0.1265625 0.415625 0.0296875 0.08359375