1 0.5015625 0.4578125 0.00859375 0.01796875
1 0.48828125 0.4546875 0.01171875 0.02890625
1 0.4765625 0.4546875 0.01796875 0.034375
1 0.453125 0.45859375 0.03125 0.04453125
1 0.20859375 0.45859375 0.0609375 0.06796875
1 0.11875 0.45859375 0.15 0.071875
1 0.53828125 0.459375 0.01171875 0.00859375
1 0.5625 0.45390625 0.01484375 0.02109375
1 0.590625 0.44765625 0.0484375 0.05390625
1 0.63203125 0.46796875 0.05390625 0.0640625
1 0.8515625 0.4484375 0.0859375 0.06953125
1 0.86328125 0.4640625 0.0796875 0.0875
1 0.9046875 0.46875 0.16796875 0.09140625
1 0.49375 0.453125 0.00859375 0.025
0 0.365625 0.46640625 0.0078125 0.0234375
0 0.3609375 0.46875 0.00390625 0.02109375