1 0.5078125 0.375 0.01171875 0.01640625
1 0.5171875 0.37578125 0.01171875 0.01796875
1 0.5265625 0.3859375 0.01015625 0.015625
1 0.475 0.3671875 0.01328125 0.01953125
1 0.4453125 0.365625 0.00859375 0.0140625
1 0.434375 0.36328125 0.0125 0.01796875
1 0.39921875 0.359375 0.0078125 0.0140625
1 0.3859375 0.359375 0.01484375 0.028125
1 0.45625 0.36953125 0.01796875 0.0234375
1 0.4921875 0.37890625 0.0234375 0.034375
1 0.55546875 0.39921875 0.0515625 0.0875
1 0.334375 0.36484375 0.1046875 0.16640625
1 0.52109375 0.38125 0.00703125 0.0140625
0 0.5453125 0.36484375 0.00625 0.0140625