1 0.7671875 0.58671875 0.27734375 0.27890625
1 0.428125 0.51484375 0.09296875 0.18203125
1 0.6046875 0.53203125 0.125 0.175
1 0.54140625 0.5203125 0.06953125 0.1234375
1 0.4921875 0.5203125 0.04375 0.07890625
1 0.2609375 0.540625 0.06328125 0.1515625
1 0.30625 0.53125 0.05078125 0.0890625
1 0.38203125 0.51796875 0.02265625 0.0890625
1 0.371875 0.5109375 0.02890625 0.08359375
1 0.359375 0.50234375 0.02265625 0.0640625
1 0.4828125 0.478125 0.03828125 0.0234375
1 0.34375 0.484375 0.01484375 0.01953125