1 0.1234375 0.4828125 0.0234375 0.01953125
1 0.2203125 0.475 0.03125 0.01953125
1 0.3125 0.46640625 0.0265625 0.03359375
1 0.340625 0.46953125 0.02109375 0.0265625
1 0.3703125 0.46640625 0.02109375 0.0234375
1 0.4234375 0.4609375 0.05 0.0265625
1 0.45859375 0.45234375 0.01484375 0.01953125
1 0.48203125 0.4609375 0.00859375 0.0140625
1 0.5109375 0.46015625 0.0140625 0.02109375
1 0.5234375 0.46015625 0.01484375 0.028125
1 0.5375 0.46171875 0.02578125 0.02890625
1 0.7625 0.471875 0.1984375 0.1515625
1 0.96875 0.6375 0.0625 0.3234375
1 0.49609375 0.4625 0.00625 0.009375
1 0.175 0.4796875 0.01796875 0.01796875
1 0.15 0.4796875 0.01171875 0.01640625
1 0.06875 0.4859375 0.01640625 0.021875
1 0.0359375 0.48828125 0.025 0.034375