0 0.715625 0.51953125 0.11171875 0.5140625
1 0.86328125 0.440625 0.2703125 0.51796875
1 0.665625 0.46953125 0.05 0.1234375
1 0.64453125 0.45703125 0.034375 0.08203125
1 0.36953125 0.44140625 0.03515625 0.05703125
1 0.346875 0.45390625 0.04609375 0.0765625
1 0.31484375 0.4625 0.04296875 0.09453125
1 0.15625 0.5015625 0.28125 0.2640625
1 0.0546875 0.4984375 0.10625 0.25546875
1 0.4890625 0.471875 0.20625 0.3484375
1 0.609375 0.43203125 0.025 0.03203125
1 0.60625 0.421875 0.0234375 0.02890625
1 0.59375 0.39921875 0.01640625 0.0234375
1 0.5984375 0.40703125 0.01328125 0.01953125
1 0.5859375 0.3875 0.01484375 0.025
0 0.3265625 0.41171875 0.00546875 0.01796875
0 0.3125 0.4140625 0.00859375 0.0140625
0 0.39375 0.421875 0.00859375 0.021875
0 0.38671875 0.4234375 0.015625 0.025