0 0.4 0.46640625 0.009375 0.05390625
0 0.415625 0.459375 0.0078125 0.0390625
0 0.3765625 0.471875 0.01640625 0.0609375
0 0.3515625 0.47109375 0.01171875 0.0625
0 0.3375 0.46796875 0.01484375 0.075
0 0.315625 0.44609375 0.0203125 0.05
0 0.63125 0.46640625 0.01328125 0.0609375
0 0.6546875 0.465625 0.0078125 0.06953125
0 0.6625 0.46796875 0.0109375 0.059375
0 0.6828125 0.46875 0.01875 0.075
0 0.7265625 0.47578125 0.0203125 0.0890625
0 0.7859375 0.47578125 0.02578125 0.1
0 0.76484375 0.490625 0.025 0.14453125
0 0.82265625 0.4765625 0.02578125 0.14140625
0 0.840625 0.425 0.01484375 0.078125
0 0.8515625 0.4546875 0.03125 0.14453125
0 0.89765625 0.43515625 0.0390625 0.11953125
0 0.97109375 0.428125 0.034375 0.090625
0 0.9921875 0.4359375 0.0140625 0.075
1 0.9296875 0.465625 0.034375 0.05546875
1 0.803125 0.46328125 0.0359375 0.075
1 0.5203125 0.54140625 0.23515625 0.346875
1 0.2375 0.5046875 0.21328125 0.2125
1 0.1046875 0.553125 0.20859375 0.415625
1 0.940625 0.615625 0.11640625 0.32890625
0 0.746875 0.4515625 0.0078125 0.0234375
1 0.7828125 0.4609375 0.08125 0.07109375