0 0.16640625 0.49921875 0.015625 0.07109375
0 0.1921875 0.4984375 0.01796875 0.065625
0 0.2703125 0.459375 0.0078125 0.0390625
0 0.2640625 0.4609375 0.01015625 0.0359375
0 0.259375 0.4453125 0.00546875 0.021875
0 0.25625 0.45703125 0.009375 0.04453125
0 0.321875 0.4546875 0.0109375 0.021875
0 0.3296875 0.4625 0.0078125 0.028125
0 0.3078125 0.5109375 0.009375 0.05859375
0 0.30078125 0.50859375 0.01171875 0.06796875
0 0.29375 0.50859375 0.00703125 0.065625
0 0.28125 0.4953125 0.00625 0.05703125
0 0.2734375 0.5 0.0125 0.05859375
1 0.4890625 0.45859375 0.01171875 0.0109375
1 0.39921875 0.475 0.0140625 0.01640625
1 0.4140625 0.47578125 0.021875 0.028125
1 0.440625 0.47109375 0.0234375 0.02890625
1 0.6609375 0.46796875 0.03671875 0.021875
1 0.83359375 0.6359375 0.33125 0.31796875
1 0.09375 0.63203125 0.1875 0.5109375
1 0.5484375 0.65234375 0.271875 0.3734375
1 0.3734375 0.5234375 0.0515625 0.06640625
1 0.8953125 0.44921875 0.20546875 0.25546875
0 0.290625 0.453125 0.00703125 0.025