1 0.48671875 0.42265625 0.0203125 0.0265625
1 0.4703125 0.4328125 0.01484375 0.0265625
1 0.4578125 0.440625 0.01875 0.025
1 0.42578125 0.4453125 0.034375 0.046875
1 0.396875 0.44921875 0.03046875 0.0484375
1 0.3578125 0.44296875 0.0578125 0.07109375
1 0.54140625 0.4515625 0.0375 0.05703125
1 0.5875 0.4515625 0.01640625 0.03359375
1 0.60078125 0.45703125 0.0171875 0.04609375
1 0.61171875 0.45859375 0.0203125 0.05
1 0.62578125 0.46015625 0.0234375 0.065625
1 0.65625 0.47265625 0.06875 0.090625
1 0.7390625 0.50234375 0.109375 0.14296875
1 0.84375 0.53671875 0.22109375 0.19140625
1 0.53515625 0.4140625 0.0140625 0.015625
1 0.5515625 0.41328125 0.01015625 0.0125
1 0.5953125 0.44921875 0.0125 0.03046875