0 0.2625 0.63828125 0.0078125 0.01640625
0 0.18203125 0.653125 0.0078125 0.021875
0 0.1625 0.67890625 0.01640625 0.08203125
0 0.1453125 0.68203125 0.0140625 0.084375
0 0.7765625 0.65859375 0.0140625 0.065625
0 0.7625 0.65625 0.01796875 0.103125
0 0.7046875 0.63359375 0.02734375 0.07890625
0 0.6796875 0.67109375 0.02578125 0.14296875
0 0.653125 0.67578125 0.0265625 0.14609375
0 0.5671875 0.63828125 0.01015625 0.0375
0 0.0390625 0.69921875 0.0375 0.12890625
1 0.52578125 0.6421875 0.0125 0.03203125
1 0.55 0.65078125 0.0421875 0.05546875
1 0.4671875 0.64296875 0.015625 0.01796875
1 0.45 0.65 0.0234375 0.0265625
1 0.4875 0.64296875 0.02109375 0.025
1 0.42890625 0.6609375 0.025 0.05859375
1 0.390625 0.66484375 0.06796875 0.09140625
1 0.296875 0.690625 0.0828125 0.0984375
1 0.509375 0.640625 0.021875 0.03046875