1 0.4390625 0.5828125 0.15859375 0.20703125
1 0.6921875 0.571875 0.034375 0.040625
1 0.63828125 0.56015625 0.01484375 0.025
1 0.60390625 0.56171875 0.025 0.034375
1 0.534375 0.565625 0.04921875 0.08046875
1 0.65625 0.5609375 0.0203125 0.025
0 0.75 0.5671875 0.0046875 0.01953125
0 0.8359375 0.578125 0.0125 0.04609375
0 0.81875 0.57578125 0.0125 0.046875
0 0.728125 0.56875 0.0046875 0.02109375
0 0.715625 0.565625 0.0046875 0.01640625
0 0.7203125 0.56953125 0.00546875 0.01953125
0 0.8828125 0.57578125 0.0109375 0.0390625
0 0.94375 0.575 0.01328125 0.065625
0 0.7453125 0.56953125 0.00546875 0.015625
0 0.9953125 0.58515625 0.0078125 0.05703125
1 0.66953125 0.5609375 0.00859375 0.0140625
1 0.625 0.56015625 0.00859375 0.01796875
0 0.56640625 0.5609375 0.00625 0.01953125